2 1 1 1
2 2 1 1 1
2 3 1 1 0 1
2 4 1 1 0 0 1
2 5 1 0 1 0 0 1
2 6 1 1 0 0 0 0 1
2 7 1 1 0 0 0 0 0 1
2 8 1 1 0 1 1 0 0 0 1
2 9 1 1 0 0 0 0 0 0 0 1
2 10 1 0 0 1 0 0 0 0 0 0 1
2 11 1 0 1 0 0 0 0 0 0 0 0 1
2 12 1 0 0 1 0 0 0 0 0 0 0 0 1
2 13 1 1 0 1 1 0 0 0 0 0 0 0 0 1
2 14 1 0 0 0 0 1 0 0 0 0 0 0 0 0 1
2 15 1 1 0 0 0 0 0 0 0 0 0 0 0 0 0 1
2 16 1 1 0 1 0 1 0 0 0 0 0 0 0 0 0 0 1
2 17 1 0 0 1 0 0 0 0 0 0 0 0 0 0 0 0 0 1
2 18 1 0 0 1 0 0 0 0 0 0 0 0 0 0 0 0 0 0 1
2 19 1 1 1 0 0 1 0 0 0 0 0 0 0 0 0 0 0 0 0 1
2 20 1 0 0 1 0 0 0 0 0 0 0 0 0 0 0 0 0 0 0 0 1
3 1 1 1
3 2 1 0 1
3 3 1 2 0 1
3 4 2 1 0 0 1
3 5 1 2 0 0 0 1
3 6 2 1 0 0 0 0 1
3 7 2 0 1 0 0 0 0 1
3 8 2 0 1 0 0 0 0 0 1
3 9 2 0 0 0 1 0 0 0 0 1
3 10 1 0 2 0 0 0 0 0 0 0 1
3 11 2 0 1 0 0 0 0 0 0 0 0 1
3 12 2 0 1 0 0 0 0 0 0 0 0 0 1
3 13 1 2 0 0 0 0 0 0 0 0 0 0 0 1
5 1 1 1
5 2 2 0 1
5 3 1 1 0 1
5 4 2 0 0 0 1
5 5 1 4 0 0 0 1
5 6 2 1 0 0 0 0 1
5 7 1 1 0 0 0 0 0 1
5 8 2 0 0 0 0 0 0 0 1
7 1 1 1
7 2 1 0 1
7 3 2 0 0 1
7 4 1 1 0 0 1
7 5 3 1 0 0 0 1
