2 1
2 2 3 1
2 3 7 1
2 4 3 1 5 1
2 5 31 1
2 6 3 2 7 1
2 7 127 1
2 8 3 1 5 1 17 1
2 9 7 1 73 1
2 10 3 1 11 1 31 1
2 11 23 1 89 1
2 12 3 2 5 1 7 1 13 1
2 13 8191 1
2 14 3 1 43 1 127 1
2 15 7 1 31 1 151 1
2 16 3 1 5 1 17 1 257 1
2 17 131071 1
2 18 3 3 7 1 19 1 73 1
2 19 524287 1
3 1 2 1
3 2 2 3
3 3 2 1 13 1
3 4 2 4 5 1
3 5 2 1 11 2
3 6 2 3 7 1 13 1
3 7 2 1 1093 1
3 8 2 5 5 1 41 1
3 9 2 1 13 1 757 1
3 10 2 3 11 2 61 1
3 11 2 1 23 1 3851 1
3 12 2 4 5 1 7 1 13 1 73 1
3 13 2 1 797161 1
3 14 2 3 547 1 1093 1
3 15 2 1 11 2 13 1 4561 1
3 16 2 6 5 1 17 1 41 1 193 1
3 17 2 1 1871 1 34511 1
3 18 2 3 7 1 13 1 19 1 37 1 757 1
3 19 2 1 1597 1 363889 1
5 1 2 2
5 2 2 3 3 1
5 3 2 2 31 1
5 4 2 4 3 1 13 1
5 5 2 2 11 1 71 1
5 6 2 3 3 2 7 1 31 1
5 7 2 2 19531 1
5 8 2 5 3 1 13 1 313 1
5 9 2 2 19 1 31 1 829 1
5 10 2 3 3 1 11 1 71 1 521 1
5 11 2 2 12207031 1
5 12 2 4 3 2 7 1 13 1 31 1 601 1
5 13 2 2 305175781 1
5 14 2 3 3 1 29 1 449 1 19531 1
5 15 2 2 11 1 31 1 71 1 181 1 1741 1
5 16 2 6 3 1 13 1 17 1 313 1 11489 1
5 17 2 2 409 1 466344409 1
5 18 2 3 3 3 7 1 19 1 31 1 829 1 5167 1
5 19 2 2 191 1 6271 1 3981071 1
7 1 2 1 3 1
7 2 2 4 3 1
7 3 2 1 3 2 19 1
7 4 2 5 3 1 5 2
7 5 2 1 3 1 2801 1
7 6 2 4 3 2 19 1 43 1
7 7 2 1 3 1 29 1 4733 1
7 8 2 6 3 1 5 2 1201 1
7 9 2 1 3 3 19 1 37 1 1063 1
7 10 2 4 3 1 11 1 191 1 2801 1
7 11 2 1 3 1 1123 1 293459 1
7 12 2 5 3 2 5 2 13 1 19 1 43 1 181 1
7 13 2 1 3 1 16148168401 1
7 14 2 4 3 1 29 1 113 1 911 1 4733 1
7 15 2 1 3 2 19 1 31 1 2801 1 159871 1
7 16 2 7 3 1 5 2 17 1 1201 1 169553 1
7 17 2 1 3 1 14009 1 2767631689 1
7 18 2 4 3 3 19 1 37 1 43 1 1063 1 117307 1
7 19 2 1 3 1 419 1 4534166740403 1
11 1 2 1 5 1
11 2 2 3 3 1 5 1
11 3 2 1 5 1 7 1 19 1
11 4 2 4 3 1 5 1 61 1
11 5 2 1 5 2 3221 1
11 6 2 3 3 2 5 1 7 1 19 1 37 1
11 7 2 1 5 1 43 1 45319 1
11 8 2 5 3 1 5 1 61 1 7321 1
11 9 2 1 5 1 7 1 19 1 1772893 1
11 10 2 3 3 1 5 2 3221 1 13421 1
11 11 2 1 5 1 15797 1 1806113 1
11 12 2 4 3 2 5 1 7 1 13 1 19 1 37 1 61 1 1117 1
11 13 2 1 5 1 1093 1 3158528101 1
11 14 2 3 3 1 5 1 43 1 45319 1 1623931 1
11 15 2 1 5 2 7 1 19 1 3221 1 195019441 1
11 16 2 6 3 1 5 1 17 1 61 1 7321 1 6304673 1
11 17 2 1 5 1 50544702849929377 1
11 18 2 3 3 3 5 1 7 1 19 1 37 1 590077 1 1772893 1
11 19 2 1 5 1 6115909044841454629 1
13 1 2 2 3 1
13 2 2 3 3 1 7 1
13 3 2 2 3 2 61 1
13 4 2 4 3 1 5 1 7 1 17 1
13 5 2 2 3 1 30941 1
13 6 2 3 3 2 7 1 61 1 157 1
13 7 2 2 3 1 5229043 1
13 8 2 5 3 1 5 1 7 1 17 1 14281 1
13 9 2 2 3 3 61 1 1609669 1
13 10 2 3 3 1 7 1 11 1 2411 1 30941 1
13 11 2 2 3 1 23 1 419 1 859 1 18041 1
13 12 2 4 3 2 5 1 7 1 17 1 61 1 157 1 28393 1
13 13 2 2 3 1 53 1 264031 1 1803647 1
13 14 2 3 3 1 7 2 29 1 22079 1 5229043 1
13 15 2 2 3 2 61 1 4651 1 30941 1 161971 1
13 16 2 6 3 1 5 1 7 1 17 1 14281 1 407865361 1
13 17 2 2 3 1 103 1 443 1 15798461357509 1
13 18 2 3 3 3 7 1 19 1 61 1 157 1 271 1 937 1 1609669 1
13 19 2 2 3 1 12865927 1 9468940004449 1
17 1 2 4
17 2 2 5 3 2
17 3 2 4 307 1
17 4 2 6 3 2 5 1 29 1
17 5 2 4 88741 1
17 6 2 5 3 3 7 1 13 1 307 1
17 7 2 4 25646167 1
17 8 2 7 3 2 5 1 29 1 41761 1
17 9 2 4 19 1 307 1 1270657 1
17 10 2 5 3 2 11 1 71 1 101 1 88741 1
17 11 2 4 2141993519227 1
17 12 2 6 3 3 5 1 7 1 13 1 29 1 307 1 83233 1
17 13 2 4 212057 1 2919196853 1
17 14 2 5 3 2 22796593 1 25646167 1
17 15 2 4 307 1 88741 1 6566760001 1
17 16 2 8 3 2 5 1 29 1 18913 1 41761 1 184417 1
17 17 2 4 10949 1 1749233 1 2699538733 1
17 18 2 5 3 4 7 1 13 1 19 1 307 1 1423 1 5653 1 1270657 1
17 19 2 4 229 1 1103 1 202607147 1 291973723 1
19 1 2 1 3 2
19 2 2 3 3 2 5 1
19 3 2 1 3 3 127 1
19 4 2 4 3 2 5 1 181 1
19 5 2 1 3 2 151 1 911 1
19 6 2 3 3 3 5 1 7 3 127 1
19 7 2 1 3 2 701 1 70841 1
19 8 2 5 3 2 5 1 17 1 181 1 3833 1
19 9 2 1 3 4 127 1 523 1 29989 1
19 10 2 3 3 2 5 2 11 1 151 1 911 1 2251 1
19 11 2 1 3 2 104281 1 62060021 1
19 12 2 4 3 3 5 1 7 3 13 2 127 1 181 1 769 1
19 13 2 1 3 2 599 1 29251 1 133338869 1
19 14 2 3 3 2 5 1 197 1 701 1 70841 1 226871 1
19 15 2 1 3 3 31 1 127 1 151 1 211 1 911 1 2460181 1
19 16 2 6 3 2 5 1 17 1 181 1 3833 1 15073 1 563377 1
19 17 2 1 3 2 3044803 1 99995282631947 1
19 18 2 3 3 4 5 1 7 3 127 1 199 1 523 1 29989 1 236377 1
19 19 2 1 3 2 109912203092239643840221 1
23 1 2 1 11 1
23 2 2 4 3 1 11 1
23 3 2 1 7 1 11 1 79 1
23 4 2 5 3 1 5 1 11 1 53 1
23 5 2 1 11 1 292561 1
23 6 2 4 3 2 7 1 11 1 13 2 79 1
23 7 2 1 11 1 29 1 5336717 1
23 8 2 6 3 1 5 1 11 1 53 1 139921 1
23 9 2 1 7 1 11 1 19 1 79 1 7792003 1
23 10 2 4 3 1 11 1 31 1 41 1 211 1 292561 1
23 11 2 1 11 2 3937230404603 1
23 12 2 5 3 2 5 1 7 1 11 1 13 2 37 1 53 1 79 1 7549 1
23 13 2 1 11 1 47691619 1 480393499 1
23 14 2 4 3 1 11 1 29 1 71 1 673 1 2969 1 5336717 1
23 15 2 1 7 1 11 1 79 1 292561 1 74912328481 1
23 16 2 7 3 1 5 1 11 1 17 1 53 1 3697 1 139921 1 623009 1
23 17 2 1 11 1 103 1 62246266355102810647 1
23 18 2 4 3 3 7 1 11 1 13 2 19 1 79 1 163 1 271 1 1117 1 7792003 1
23 19 2 1 11 1 2129 1 63877469 1 24939218613613 1
29 1 2 2 7 1
29 2 2 3 3 1 5 1 7 1
29 3 2 2 7 1 13 1 67 1
29 4 2 4 3 1 5 1 7 1 421 1
29 5 2 2 7 1 732541 1
29 6 2 3 3 2 5 1 7 1 13 1 67 1 271 1
29 7 2 2 7 2 88009573 1
29 8 2 5 3 1 5 1 7 1 421 1 353641 1
29 9 2 2 7 1 13 1 67 1 14437 1 41203 1
29 10 2 3 3 1 5 2 7 1 11 1 31 1 401 1 732541 1
29 11 2 2 7 1 23 1 18944890940537 1
29 12 2 4 3 2 5 1 7 1 13 1 37 1 61 1 67 1 271 1 313 1 421 1
29 13 2 2 7 1 521 1 148123 1 4748492087 1
29 14 2 3 3 1 5 1 7 2 88009573 1 574995877 1
29 15 2 2 7 1 13 1 67 1 181 1 22111 1 120691 1 732541 1
29 16 2 6 3 1 5 1 7 1 17 1 421 1 26209 1 353641 1 561377 1
29 17 2 2 7 1 3911 1 1977917 1 33505187587603 1
29 18 2 3 3 3 5 1 7 1 13 1 19 1 67 1 271 1 14437 1 41203 1 10435069 1
29 19 2 2 7 1 1386659 1 157193380600163813309 1
31 1 2 1 3 1 5 1
31 2 2 6 3 1 5 1
31 3 2 1 3 2 5 1 331 1
31 4 2 7 3 1 5 1 13 1 37 1
31 5 2 1 3 1 5 2 11 1 17351 1
31 6 2 6 3 2 5 1 7 2 19 1 331 1
31 7 2 1 3 1 5 1 917087137 1
31 8 2 8 3 1 5 1 13 1 37 1 409 1 1129 1
31 9 2 1 3 3 5 1 331 1 3637 1 81343 1
31 10 2 6 3 1 5 2 11 1 41 1 17351 1 21821 1
31 11 2 1 3 1 5 1 23 1 397 1 617 1 150332843 1
31 12 2 7 3 2 5 1 7 2 13 1 19 1 37 1 331 1 922561 1
31 13 2 1 3 1 5 1 42407 1 2426789 1 7908811 1
31 14 2 6 3 1 5 1 11971 1 71821 1 917087137 1
31 15 2 1 3 2 5 2 11 1 331 1 2521 1 17351 1 327412201 1
31 16 2 9 3 1 5 1 13 1 17 1 37 1 409 1 1129 1 25085030513 1
31 17 2 1 3 1 5 1 751670559138758105956097 1
31 18 2 6 3 3 5 1 7 2 19 1 331 1 577 1 3637 1 81343 1 1538083 1
31 19 2 1 3 1 5 1 571 1 14251 1 88770666332610762169 1
37 1 2 2 3 2
37 2 2 3 3 2 19 1
37 3 2 2 3 3 7 1 67 1
37 4 2 4 3 2 5 1 19 1 137 1
37 5 2 2 3 2 11 1 41 1 4271 1
37 6 2 3 3 3 7 1 19 1 31 1 43 1 67 1
37 7 2 2 3 2 71 1 37140797 1
37 8 2 5 3 2 5 1 19 1 89 1 137 1 10529 1
37 9 2 2 3 4 7 1 67 1 73 1 127 1 92251 1
37 10 2 3 3 2 11 1 19 1 41 1 4271 1 1824841 1
37 11 2 2 3 2 2663 1 1855860368209 1
37 12 2 4 3 3 5 1 7 1 13 1 19 1 31 1 43 1 67 1 137 1 144061 1
37 13 2 2 3 2 6765811783780036261 1
37 14 2 3 3 2 19 1 71 1 37140797 1 2498207293 1
37 15 2 2 3 3 7 1 11 1 41 1 67 1 2671 1 4021 1 4271 1 318211 1
37 16 2 6 3 2 5 1 17 1 19 1 89 1 137 1 10529 1 103308219233 1
37 17 2 2 3 2 613 1 109172471 1 189475557532747 1
37 18 2 3 3 4 7 1 19 1 31 1 43 1 67 1 73 1 127 1 199 1 92251 1 12892843 1
37 19 2 2 3 2 4413131 1 3933538789573170812717 1
41 1 2 3 5 1
41 2 2 4 3 1 5 1 7 1
41 3 2 3 5 1 1723 1
41 4 2 5 3 1 5 1 7 1 29 2
41 5 2 3 5 2 579281 1
41 6 2 4 3 2 5 1 7 1 547 1 1723 1
41 7 2 3 5 1 43 1 113229229 1
41 8 2 6 3 1 5 1 7 1 29 2 137 1 10313 1
41 9 2 3 5 1 487 1 1723 1 9753949 1
41 10 2 4 3 1 5 2 7 1 11 1 61 1 4111 1 579281 1
41 11 2 3 5 1 23 1 132947 1 4499415031 1
41 12 2 5 3 2 5 1 7 1 13 1 29 2 109 1 547 1 1723 1 1993 1
41 13 2 3 5 1 11831 1 110969 1 17615988547 1
41 14 2 4 3 1 5 1 7 2 43 1 71 1 9329993 1 113229229 1
41 15 2 3 5 2 31 1 1723 1 22381 1 579281 1 11228251 1
41 16 2 7 3 1 5 1 7 1 17 1 29 2 137 1 10313 1 234850742033 1
41 17 2 3 5 1 201815909 1 323824851129646973 1
41 18 2 4 3 3 5 1 7 1 19 1 37 1 73 1 487 1 547 1 1723 1 30853 1 9753949 1
41 19 2 3 5 1 12541 1 87423871753 1 100200775387183 1
43 1 2 1 3 1 7 1
43 2 2 3 3 1 7 1 11 1
43 3 2 1 3 2 7 1 631 1
43 4 2 4 3 1 5 2 7 1 11 1 37 1
43 5 2 1 3 1 7 1 3500201 1
43 6 2 3 3 2 7 1 11 1 13 1 139 1 631 1
43 7 2 1 3 1 7 2 5839 1 158341 1
43 8 2 5 3 1 5 2 7 1 11 1 17 1 37 1 193 1 521 1
43 9 2 1 3 3 7 1 19 1 181 1 199 1 631 1 3079 1
43 10 2 3 3 1 7 1 11 1 3341101 1 3500201 1
43 11 2 1 3 1 7 1 6038099 1 3664405207 1
43 12 2 4 3 2 5 2 7 1 11 1 13 1 37 1 139 1 631 1 3416953 1
43 13 2 1 3 1 7 1 40911050578149780601 1
43 14 2 3 3 1 7 2 11 1 5839 1 158341 1 6177695707 1
43 15 2 1 3 2 7 1 631 1 3500201 1 11416525335601 1
43 16 2 6 3 1 5 2 7 1 11 1 17 1 37 1 193 1 521 1 5844100138801 1
43 17 2 1 3 1 7 1 647 1 56770350869 1 3807926835707 1
43 18 2 3 3 3 7 1 11 1 13 1 19 1 109 1 139 1 181 1 199 1 631 1 3079 1 57993427 1
43 19 2 1 3 1 7 1 229 1 2699 1 4219 1 46399 1 2137444528747943 1
47 1 2 1 23 1
47 2 2 5 3 1 23 1
47 3 2 1 23 1 37 1 61 1
47 4 2 6 3 1 5 1 13 1 17 1 23 1
47 5 2 1 11 1 23 1 31 1 14621 1
47 6 2 5 3 2 7 1 23 1 37 1 61 1 103 1
47 7 2 1 23 1 43 1 256128979 1
47 8 2 7 3 1 5 1 13 1 17 1 23 1 97 1 25153 1
47 9 2 1 19 1 23 1 37 1 61 1 567332587 1
47 10 2 5 3 1 11 1 23 1 31 1 14621 1 4778021 1
47 11 2 1 23 1 134707 1 398959160491 1
47 12 2 6 3 2 5 1 7 1 13 1 17 1 23 1 37 1 61 1 103 1 1213 1 4021 1
47 13 2 1 23 1 53 1 2237 1 14050609 1 71265169 1
47 14 2 5 3 1 23 1 43 1 5881 1 1794703 1 256128979 1
47 15 2 1 11 1 23 1 31 1 37 1 61 1 14621 1 50551 1 461017351 1
47 16 2 8 3 1 5 1 13 1 17 1 23 1 97 1 25153 1 11905643330881 1
47 17 2 1 23 1 3571 1 10099 1 2127357527 1 7550870927 1
47 18 2 5 3 3 7 1 19 1 23 1 37 1 61 1 103 1 3691 1 973459 1 567332587 1
47 19 2 1 23 1 419 1 65247271367 1 46808539630950829 1
53 1 2 2 13 1
53 2 2 3 3 3 13 1
53 3 2 2 7 1 13 1 409 1
53 4 2 4 3 3 5 1 13 1 281 1
53 5 2 2 11 1 13 1 131 1 5581 1
53 6 2 3 3 4 7 1 13 1 409 1 919 1
53 7 2 2 13 1 29 1 778986167 1
53 8 2 5 3 3 5 1 13 1 17 1 281 1 232073 1
53 9 2 2 7 1 13 1 37 1 163 1 307 1 409 1 11971 1
53 10 2 3 3 3 11 1 13 1 131 1 2011 1 3851 1 5581 1
53 11 2 2 13 1 178250690949465223 1
53 12 2 4 3 4 5 1 7 1 13 1 281 1 409 1 919 1 1153 1 6841 1
53 13 2 2 13 2 3297113 1 11681692691969 1
53 14 2 3 3 3 13 1 29 1 673 1 32323789 1 778986167 1
53 15 2 2 7 1 11 1 13 1 131 1 409 1 5581 1 61085389725361 1
53 16 2 6 3 3 5 1 13 1 17 1 281 1 232073 1 31129845205681 1
53 17 2 2 13 1 647 1 4013 1 12479 1 121936356626073149 1
53 18 2 3 3 5 7 1 13 1 19 1 37 1 163 1 307 1 409 1 919 1 11971 1 388845829 1
53 19 2 2 13 1 229 1 32688470798197 1 1482545708952391 1
2 20 3 1 5 2 11 1 31 1 41 1
2 21 7 2 127 1 337 1
2 22 3 1 23 1 89 1 683 1
2 23 47 1 178481 1
2 24 3 2 5 1 7 1 13 1 17 1 241 1
2 25 31 1 601 1 1801 1
2 26 3 1 2731 1 8191 1
2 27 7 1 73 1 262657 1
2 28 3 1 5 1 29 1 43 1 113 1 127 1
2 29 233 1 1103 1 2089 1
2 30 3 2 7 1 11 1 31 1 151 1 331 1
2 31 2147483647 1
2 32 3 1 5 1 17 1 257 1 65537 1
2 33 7 1 23 1 89 1 599479 1
2 34 3 1 43691 1 131071 1
2 35 31 1 71 1 127 1 122921 1
2 36 3 3 5 1 7 1 13 1 19 1 37 1 73 1 109 1
2 37 223 1 616318177 1
2 38 3 1 174763 1 524287 1
2 39 7 1 79 1 8191 1 121369 1
2 40 3 1 5 2 11 1 17 1 31 1 41 1 61681 1
2 41 13367 1 164511353 1
2 42 3 2 7 2 43 1 127 1 337 1 5419 1
2 43 431 1 9719 1 2099863 1
2 44 3 1 5 1 23 1 89 1 397 1 683 1 2113 1
2 45 7 1 31 1 73 1 151 1 631 1 23311 1
2 46 3 1 47 1 178481 1 2796203 1
2 47 2351 1 4513 1 13264529 1
2 48 3 2 5 1 7 1 13 1 17 1 97 1 241 1 257 1 673 1
2 49 127 1 4432676798593 1
2 50 3 1 11 1 31 1 251 1 601 1 1801 1 4051 1
2 51 7 1 103 1 2143 1 11119 1 131071 1
2 52 3 1 5 1 53 1 157 1 1613 1 2731 1 8191 1
2 53 6361 1 69431 1 20394401 1
2 54 3 4 7 1 19 1 73 1 87211 1 262657 1
2 55 23 1 31 1 89 1 881 1 3191 1 201961 1
2 56 3 1 5 1 17 1 29 1 43 1 113 1 127 1 15790321 1
2 57 7 1 32377 1 524287 1 1212847 1
2 58 3 1 59 1 233 1 1103 1 2089 1 3033169 1
2 59 179951 1 3203431780337 1
2 60 3 2 5 2 7 1 11 1 13 1 31 1 41 1 61 1 151 1 331 1 1321 1
2 61 2305843009213693951 1
3 20 2 4 5 2 11 2 61 1 1181 1
3 21 2 1 13 1 1093 1 368089 1
3 22 2 3 23 1 67 1 661 1 3851 1
3 23 2 1 47 1 1001523179 1
3 24 2 5 5 1 7 1 13 1 41 1 73 1 6481 1
3 25 2 1 11 2 8951 1 391151 1
3 26 2 3 398581 1 797161 1
3 27 2 1 13 1 109 1 433 1 757 1 8209 1
3 28 2 4 5 1 29 1 547 1 1093 1 16493 1
3 29 2 1 59 1 28537 1 20381027 1
3 30 2 3 7 1 11 2 13 1 31 1 61 1 271 1 4561 1
3 31 2 1 683 1 102673 1 4404047 1
3 32 2 7 5 1 17 1 41 1 193 1 21523361 1
3 33 2 1 13 1 23 1 3851 1 2413941289 1
3 34 2 3 103 1 307 1 1021 1 1871 1 34511 1
3 35 2 1 11 2 71 1 1093 1 2664097031 1
3 36 2 4 5 1 7 1 13 1 19 1 37 1 73 1 757 1 530713 1
3 37 2 1 13097927 1 17189128703 1
3 38 2 3 1597 1 2851 1 101917 1 363889 1
3 39 2 1 13 2 313 1 6553 1 7333 1 797161 1
5 20 2 4 3 1 11 1 13 1 41 1 71 1 521 1 9161 1
5 21 2 2 31 1 379 1 19531 1 519499 1
5 22 2 3 3 1 23 1 67 1 5281 1 12207031 1
5 23 2 2 8971 1 332207361361 1
5 24 2 5 3 2 7 1 13 1 31 1 313 1 601 1 390001 1
5 25 2 2 11 1 71 1 101 1 251 1 401 1 9384251 1
5 26 2 3 3 1 5227 1 38923 1 305175781 1
5 27 2 2 19 1 31 1 109 1 271 1 829 1 4159 1 31051 1
5 28 2 4 3 1 13 1 29 1 449 1 19531 1 234750601 1
5 29 2 2 59 1 35671 1 22125996444329 1
5 30 2 3 3 2 7 1 11 1 31 1 61 1 71 1 181 1 521 1 1741 1 7621 1
5 31 2 2 1861 1 625552508473588471 1
5 32 2 7 3 1 13 1 17 1 313 1 2593 1 11489 1 29423041 1
5 33 2 2 31 1 199 1 12207031 1 386478495679 1
5 34 2 3 3 1 409 1 3061 1 41540861 1 466344409 1
5 35 2 2 11 1 71 1 211 1 631 1 4201 1 19531 1 85280581 1
5 36 2 4 3 3 7 1 13 1 19 1 31 1 37 1 601 1 829 1 5167 1 6597973 1
5 37 2 2 149 1 13971969971 1 8737481256739 1
5 38 2 3 3 1 191 1 761 1 6271 1 19609 1 213029 1 3981071 1
5 39 2 2 31 1 79 1 305175781 1 608459012088799 1
7 20 2 5 3 1 5 3 11 1 191 1 281 1 2801 1 4021 1
7 21 2 1 3 2 19 1 29 1 4733 1 11898664849 1
7 22 2 4 3 1 23 1 1123 1 293459 1 10746341 1
7 23 2 1 3 1 47 1 3083 1 31479823396757 1
7 24 2 6 3 2 5 2 13 1 19 1 43 1 73 1 181 1 193 1 409 1 1201 1
7 25 2 1 3 1 2551 1 2801 1 31280679788951 1
7 26 2 4 3 1 53 1 228511817 1 16148168401 1
7 27 2 1 3 4 19 1 37 1 109 1 811 1 1063 1 2377 1 2583253 1
7 28 2 5 3 1 5 2 29 1 113 1 911 1 4733 1 13564461457 1
7 29 2 1 3 1 59 1 127540261 1 71316922984999 1
7 30 2 4 3 2 11 1 19 1 31 1 43 1 191 1 2801 1 159871 1 6568801 1
7 31 2 1 3 1 311 1 21143 1 3999088279399464409 1
7 32 2 8 3 1 5 2 17 1 353 1 1201 1 169553 1 47072139617 1
7 33 2 1 3 2 19 1 1123 1 3631 1 293459 1 1532917 1 12323587 1
7 34 2 4 3 1 14009 1 2767631689 1 29078814248401 1
59 1 2 1 29 1
59 2 2 3 3 1 5 1 29 1
59 3 2 1 29 1 3541 1
59 4 2 4 3 1 5 1 29 1 1741 1
59 5 2 1 11 1 29 1 41 1 151 1 181 1
59 6 2 3 3 2 5 1 7 1 29 1 163 1 3541 1
59 7 2 1 29 1 43 1 281 1 757 1 4691 1
59 8 2 5 3 1 5 1 17 1 29 1 593 1 601 1 1741 1
59 9 2 1 29 1 1459 1 3541 1 28910719 1
59 10 2 3 3 1 5 2 11 1 29 1 41 1 151 1 181 1 2383081 1
59 11 2 1 23 1 29 1 67 1 419 1 805243954219 1
59 12 2 4 3 2 5 1 7 1 13 1 29 1 163 1 1741 1 3541 1 931837 1
59 13 2 1 29 1 1809873235795386729241 1
59 14 2 3 3 1 5 1 29 1 43 1 281 1 757 1 2927 1 4691 1 14170661 1
59 15 2 1 11 1 29 1 31 1 41 1 151 1 181 1 1531 1 3541 1 3041286301 1
59 16 2 6 3 1 5 1 17 1 29 1 337 1 593 1 601 1 1741 1 217849313953 1
59 17 2 1 29 1 137 1 443 1 361353204962363828785531 1
59 18 2 3 3 3 5 1 7 1 19 1 29 1 127 1 163 1 1459 1 2143 1 2719 1 3541 1 28910719 1
2 62 3 1 715827883 1 2147483647 1
2 63 7 2 73 1 127 1 337 1 92737 1 649657 1
2 64 3 1 5 1 17 1 257 1 641 1 65537 1 6700417 1
2 65 31 1 8191 1 145295143558111 1
2 66 3 2 7 1 23 1 67 1 89 1 683 1 20857 1 599479 1
2 67 193707721 1 761838257287 1
2 68 3 1 5 1 137 1 953 1 26317 1 43691 1 131071 1
2 69 7 1 47 1 178481 1 10052678938039 1
2 70 3 1 11 1 31 1 43 1 71 1 127 1 281 1 86171 1 122921 1
2 71 228479 1 48544121 1 212885833 1
2 72 3 3 5 1 7 1 13 1 17 1 19 1 37 1 73 1 109 1 241 1 433 1 38737 1
2 73 439 1 2298041 1 9361973132609 1
2 74 3 1 223 1 1777 1 25781083 1 616318177 1
2 75 7 1 31 1 151 1 601 1 1801 1 100801 1 10567201 1
2 76 3 1 5 1 229 1 457 1 174763 1 524287 1 525313 1
2 77 23 1 89 1 127 1 581283643249112959 1
2 78 3 2 7 1 79 1 2731 1 8191 1 121369 1 22366891 1
2 79 2687 1 202029703 1 1113491139767 1
2 80 3 1 5 2 11 1 17 1 31 1 41 1 257 1 61681 1 4278255361 1
2 81 7 1 73 1 2593 1 71119 1 262657 1 97685839 1
2 82 3 1 83 1 13367 1 164511353 1 8831418697 1
2 83 167 1 57912614113275649087721 1
2 84 3 2 5 1 7 2 13 1 29 1 43 1 113 1 127 1 337 1 1429 1 5419 1 14449 1
2 85 31 1 131071 1 9520972806333758431 1
2 86 3 1 431 1 9719 1 2099863 1 2932031007403 1
2 87 7 1 233 1 1103 1 2089 1 4177 1 9857737155463 1
2 88 3 1 5 1 17 1 23 1 89 1 353 1 397 1 683 1 2113 1 2931542417 1
2 89 618970019642690137449562111 1
2 90 3 3 7 1 11 1 19 1 31 1 73 1 151 1 331 1 631 1 23311 1 18837001 1
2 91 127 1 911 1 8191 1 112901153 1 23140471537 1
2 92 3 1 5 1 47 1 277 1 1013 1 1657 1 30269 1 178481 1 2796203 1
2 93 7 1 2147483647 1 658812288653553079 1
2 94 3 1 283 1 2351 1 4513 1 13264529 1 165768537521 1
2 95 31 1 191 1 524287 1 420778751 1 30327152671 1
2 96 3 2 5 1 7 1 13 1 17 1 97 1 193 1 241 1 257 1 673 1 65537 1 22253377 1
2 97 11447 1 13842607235828485645766393 1
2 98 3 1 43 1 127 1 4363953127297 1 4432676798593 1
2 99 7 1 23 1 73 1 89 1 199 1 153649 1 599479 1 33057806959 1
3 40 2 5 5 2 11 2 41 1 61 1 1181 1 42521761 1
3 41 2 1 83 1 2526913 1 86950696619 1
3 42 2 3 7 2 13 1 43 1 547 1 1093 1 2269 1 368089 1
3 43 2 1 431 1 380808546861411923 1
3 44 2 4 5 1 23 1 67 1 661 1 3851 1 5501 1 570461 1
3 45 2 1 11 2 13 1 181 1 757 1 1621 1 4561 1 927001 1
3 46 2 3 47 1 1001523179 1 23535794707 1
3 47 2 1 1223 1 21997 1 5112661 1 96656723 1
3 48 2 6 5 1 7 1 13 1 17 1 41 1 73 1 97 1 193 1 577 1 769 1 6481 1
3 49 2 1 491 1 1093 1 4019 1 8233 1 51157 1 131713 1
3 50 2 3 11 2 61 1 151 1 8951 1 391151 1 22996651 1
3 51 2 1 13 1 1871 1 12853 1 34511 1 99810171997 1
3 52 2 4 5 1 53 1 398581 1 797161 1 4795973261 1
3 53 2 1 107 1 24169 1 3747607031112307667 1
3 54 2 3 7 1 13 1 19 1 37 1 109 1 433 1 757 1 8209 1 19441 1 19927 1
3 55 2 1 11 3 23 1 1321 1 3851 1 560088668384411 1
3 56 2 5 5 1 29 1 41 1 547 1 1093 1 16493 1 430697 1 647753 1
3 57 2 1 13 1 229 1 1597 1 248749 1 363889 1 1824179209 1
3 58 2 3 59 1 523 1 6091 1 28537 1 5385997 1 20381027 1
3 59 2 1 14425532687 1 489769993189671059 1
3 60 2 4 5 2 7 1 11 2 13 1 31 1 61 1 73 1 271 1 1181 1 4561 1 47763361 1
3 61 2 1 603901 1 105293313660391861035901 1
3 62 2 3 683 1 6883 1 102673 1 4404047 1 22434744889 1
3 63 2 1 13 1 757 1 1093 1 368089 1 144542918285300809 1
3 64 2 8 5 1 17 1 41 1 193 1 21523361 1 926510094425921 1
3 65 2 1 11 2 131 1 797161 1 3701101 1 110133112994711 1
3 66 2 3 7 1 13 1 23 1 67 1 661 1 3851 1 25411 1 176419 1 2413941289 1
5 40 2 5 3 1 11 1 13 1 41 1 71 1 241 1 313 1 521 1 9161 1 632133361 1
5 41 2 2 2238236249 1 5079304643216687969 1
5 42 2 3 3 2 7 2 29 1 31 1 43 1 127 1 379 1 449 1 7603 1 19531 1 519499 1
5 43 2 2 1644512641 1 172827552198815888791 1
5 44 2 4 3 1 13 1 23 1 67 1 89 1 5281 1 12207031 1 1030330938209 1
5 45 2 2 11 1 19 1 31 1 71 1 181 1 829 1 1171 1 1741 1 169831 1 297315901 1
5 46 2 3 3 1 47 1 8971 1 332207361361 1 42272797713043 1
5 47 2 2 177635683940025046467781066894531 1
5 48 2 6 3 2 7 1 13 1 17 1 31 1 313 1 601 1 11489 1 390001 1 152587500001 1
5 49 2 2 19531 1 227376585863531112677002031251 1
7 35 2 1 3 1 29 1 2801 1 4733 1 2127431041 1 77192844961 1
7 36 2 5 3 3 5 2 13 1 19 1 37 1 43 1 181 1 1063 1 117307 1 13841169553 1
7 37 2 1 3 1 223 1 2887 1 4805345109492315767981401 1
7 38 2 4 3 1 419 1 351121 1 4058036683 1 4534166740403 1
7 39 2 1 3 2 19 1 486643 1 7524739 1 44975113 1 16148168401 1
7 40 2 6 3 1 5 3 11 1 41 1 191 1 281 1 1201 1 2801 1 4021 1 810221830361 1
7 41 2 1 3 1 83 1 20515909 1 4362139336229068656094783 1
7 42 2 4 3 2 19 1 29 1 43 1 113 1 911 1 4733 1 51031 1 309079 1 11898664849 1
7 43 2 1 3 1 166003607842448777 1 2192537062271178641 1
7 44 2 5 3 1 5 2 23 1 661 1 1123 1 1409 1 293459 1 10746341 1 83960385389 1
7 45 2 1 3 3 19 1 31 1 37 1 1063 1 2801 1 159871 1 1527007411 1 125096112091 1
7 46 2 4 3 1 47 1 3083 1 31479823396757 1 3421093417510114543 1
61 1 2 2 3 1 5 1
61 2 2 3 3 1 5 1 31 1
61 3 2 2 3 2 5 1 13 1 97 1
61 4 2 4 3 1 5 1 31 1 1861 1
61 5 2 2 3 1 5 2 131 1 21491 1
61 6 2 3 3 2 5 1 7 1 13 1 31 1 97 1 523 1
61 7 2 2 3 1 5 1 52379047267 1
61 8 2 5 3 1 5 1 31 1 1861 1 6922921 1
61 9 2 2 3 3 5 1 13 1 19 1 97 1 903870199 1
67 1 2 1 3 1 11 1
67 2 2 3 3 1 11 1 17 1
67 3 2 1 3 2 7 2 11 1 31 1
67 4 2 4 3 1 5 1 11 1 17 1 449 1
67 5 2 1 3 1 11 1 761 1 26881 1
67 6 2 3 3 2 7 2 11 1 17 1 31 1 4423 1
67 7 2 1 3 1 11 1 175897 1 522061 1
67 8 2 5 3 1 5 1 11 1 17 1 449 1 937 1 10753 1
67 9 2 1 3 3 7 2 11 1 31 1 30152894311 1
71 1 2 1 5 1 7 1
71 2 2 4 3 2 5 1 7 1
71 3 2 1 5 1 7 1 5113 1
71 4 2 5 3 2 5 1 7 1 2521 1
71 5 2 1 5 2 7 1 11 1 211 1 2221 1
71 6 2 4 3 3 5 1 7 1 1657 1 5113 1
71 7 2 1 5 1 7 2 883 1 21020917 1
71 8 2 6 3 2 5 1 7 1 2521 1 12705841 1
71 9 2 1 5 1 7 1 37 1 5113 1 3462179509 1
73 1 2 3 3 2
73 2 2 4 3 2 37 1
73 3 2 3 3 3 1801 1
73 4 2 5 3 2 5 1 13 1 37 1 41 1
73 5 2 3 3 2 28792661 1
73 6 2 4 3 3 7 1 37 1 751 1 1801 1
73 7 2 3 3 2 153436090543 1
73 8 2 6 3 2 5 1 13 1 37 1 41 1 14199121 1
73 9 2 3 3 4 19 1 181 1 1801 1 14668471 1
79 1 2 1 3 1 13 1
79 2 2 5 3 1 5 1 13 1
79 3 2 1 3 2 7 2 13 1 43 1
79 4 2 6 3 1 5 1 13 1 3121 1
79 5 2 1 3 1 13 1 39449441 1
79 6 2 5 3 2 5 1 7 2 13 1 43 1 6163 1
79 7 2 1 3 1 13 1 281 1 337 1 1289 1 2017 1
79 8 2 7 3 1 5 1 13 1 41 1 433 1 1097 1 3121 1
79 9 2 1 3 3 7 2 13 1 43 1 397 1 204104071 1
83 1 2 1 41 1
83 2 2 3 3 1 7 1 41 1
83 3 2 1 19 1 41 1 367 1
83 4 2 4 3 1 5 1 7 1 13 1 41 1 53 1
83 5 2 1 41 1 48037081 1
83 6 2 3 3 2 7 1 19 1 41 1 367 1 2269 1
83 7 2 1 29 1 41 1 11411291417 1
83 8 2 5 3 1 5 1 7 1 13 1 17 1 41 1 53 1 73 1 19121 1
83 9 2 1 19 1 37 1 41 1 367 1 64153 1 137737 1
89 1 2 3 11 1
89 2 2 4 3 2 5 1 11 1
89 3 2 3 11 1 8011 1
89 4 2 5 3 2 5 1 11 1 17 1 233 1
89 5 2 3 11 1 131 1 691 1 701 1
89 6 2 4 3 3 5 1 7 1 11 1 373 1 8011 1
89 7 2 3 11 1 502628805631 1
89 8 2 6 3 2 5 1 11 1 17 1 233 1 281 1 111641 1
89 9 2 3 11 1 73 1 8011 1 6807972547 1
97 1 2 5 3 1
97 2 2 6 3 1 7 2
97 3 2 5 3 2 3169 1
97 4 2 7 3 1 5 1 7 2 941 1
97 5 2 5 3 1 11 1 31 1 262321 1
97 6 2 6 3 2 7 2 67 1 139 1 3169 1
97 7 2 5 3 1 43 1 967 1 20241187 1
97 8 2 8 3 1 5 1 7 2 233 1 941 1 189977 1
97 9 2 5 3 3 1153 1 3169 1 240813217 1
101 1 2 2 5 2
101 2 2 3 3 1 5 2 17 1
101 3 2 2 5 2 10303 1
101 4 2 4 3 1 5 2 17 1 5101 1
101 5 2 2 5 3 31 1 491 1 1381 1
101 6 2 3 3 2 5 2 7 1 13 1 17 1 37 1 10303 1
101 7 2 2 5 2 71 1 15100497917 1
101 8 2 5 3 1 5 2 17 1 89 1 5101 1 584609 1
101 9 2 2 5 2 19 1 10303 1 55869535837 1
103 1 2 1 3 1 17 1
103 2 2 4 3 1 13 1 17 1
103 3 2 1 3 2 17 1 3571 1
103 4 2 5 3 1 5 1 13 1 17 1 1061 1
103 5 2 1 3 1 11 1 17 1 10332211 1
103 6 2 4 3 2 7 1 13 1 17 1 19 1 79 1 3571 1
103 7 2 1 3 1 17 1 29 1 71 1 585604027 1
103 8 2 6 3 1 5 1 13 1 17 1 1061 1 56275441 1
103 9 2 1 3 3 17 1 127 1 3571 1 14437 1 217081 1
107 1 2 1 53 1
107 2 2 3 3 3 53 1
107 3 2 1 7 1 13 1 53 1 127 1
107 4 2 4 3 3 5 2 53 1 229 1
107 5 2 1 53 1 211 1 627091 1
107 6 2 3 3 4 7 1 13 1 19 1 53 1 127 1 199 1
107 7 2 1 29 1 43 1 53 1 1214826131 1
107 8 2 5 3 3 5 2 53 1 229 1 4201 1 15601 1
107 9 2 1 7 1 13 1 37 1 53 1 127 1 40560312889 1
109 1 2 2 3 3
109 2 2 3 3 3 5 1 11 1
109 3 2 2 3 4 7 1 571 1
109 4 2 4 3 3 5 1 11 1 13 1 457 1
109 5 2 2 3 3 31 1 191 1 24061 1
109 6 2 3 3 4 5 1 7 1 11 1 61 1 193 1 571 1
109 7 2 2 3 3 113 1 281 1 53306107 1
109 8 2 5 3 3 5 1 11 1 13 1 41 1 457 1 1721441 1
109 9 2 2 3 5 7 1 571 1 8803 1 63504919 1
113 1 2 4 7 1
113 2 2 5 3 1 7 1 19 1
113 3 2 4 7 1 13 1 991 1
113 4 2 6 3 1 5 1 7 1 19 1 1277 1
113 5 2 4 7 1 11 1 251 1 59581 1
113 6 2 5 3 2 7 1 13 1 19 1 991 1 4219 1
113 7 2 4 7 2 44983 1 6670903 1
113 8 2 7 3 1 5 1 7 1 19 1 1277 1 81523681 1
113 9 2 4 7 1 13 1 991 1 17047 1 122130181 1
127 1 2 1 3 2 7 1
127 2 2 8 3 2 7 1
127 3 2 1 3 3 7 1 5419 1
127 4 2 9 3 2 5 1 7 1 1613 1
127 5 2 1 3 2 7 1 262209281 1
127 6 2 8 3 3 7 1 13 1 1231 1 5419 1
127 7 2 1 3 2 7 2 43 1 86353 1 162709 1
127 8 2 10 3 2 5 1 7 1 17 1 137 1 1613 1 55849 1
127 9 2 1 3 4 7 1 37 1 2179 1 5419 1 17347717 1
131 1 2 1 5 1 13 1
131 2 2 3 3 1 5 1 11 1 13 1
131 3 2 1 5 1 13 1 17293 1
131 4 2 4 3 1 5 1 11 1 13 1 8581 1
131 5 2 1 5 2 13 1 61 1 973001 1
131 6 2 3 3 2 5 1 7 1 11 1 13 1 811 1 17293 1
131 7 2 1 5 1 13 1 127 1 189967 1 211093 1
131 8 2 5 3 1 5 1 11 1 13 1 113 1 8581 1 1303097 1
131 9 2 1 5 1 13 1 19 1 17293 1 395533 1 672499 1
137 1 2 3 17 1
137 2 2 4 3 1 17 1 23 1
137 3 2 3 7 1 17 1 37 1 73 1
137 4 2 5 3 1 5 1 17 1 23 1 1877 1
137 5 2 3 11 1 17 1 101 1 319411 1
137 6 2 4 3 2 7 1 17 1 23 1 37 1 73 1 6211 1
137 7 2 3 17 1 8933 1 745603139 1
137 8 2 6 3 1 5 1 17 1 23 1 41 1 1409 1 1877 1 3049 1
137 9 2 3 7 1 17 1 19 1 37 1 73 1 27847 1 12496591 1
139 1 2 1 3 1 23 1
139 2 2 3 3 1 5 1 7 1 23 1
139 3 2 1 3 2 13 1 23 1 499 1
139 4 2 4 3 1 5 1 7 1 23 1 9661 1
139 5 2 1 3 1 23 1 41 1 9170881 1
139 6 2 3 3 2 5 1 7 1 13 1 23 1 499 1 19183 1
139 7 2 1 3 1 23 1 29 1 2857 1 87683177 1
139 8 2 5 3 1 5 1 7 1 23 1 617 1 9661 1 302513 1
139 9 2 1 3 3 13 1 19 1 23 1 499 1 261631 1 483643 1
149 1 2 2 37 1
149 2 2 3 3 1 5 2 37 1
149 3 2 2 7 1 31 1 37 1 103 1
149 4 2 4 3 1 5 2 17 1 37 1 653 1
149 5 2 2 37 1 251 1 691 1 2861 1
149 6 2 3 3 2 5 2 7 1 31 1 37 1 103 1 7351 1
149 7 2 2 37 1 11016462577051 1
149 8 2 5 3 1 5 2 17 1 37 1 653 1 7001 1 35201 1
149 9 2 2 7 1 19 1 31 1 37 1 103 1 127 1 4534823827 1
151 1 2 1 3 1 5 2
151 2 2 4 3 1 5 2 19 1
151 3 2 1 3 2 5 2 7 1 1093 1
151 4 2 5 3 1 5 2 13 1 19 1 877 1
151 5 2 1 3 1 5 3 104670301 1
151 6 2 4 3 2 5 2 7 1 19 1 1093 1 22651 1
151 7 2 1 3 1 5 2 1499 1 7960598843 1
151 8 2 6 3 1 5 2 13 1 17 1 19 1 877 1 15290753 1
151 9 2 1 3 3 5 2 7 1 1093 1 111187 1 35537473 1
157 1 2 2 3 1 13 1
157 2 2 3 3 1 13 1 79 1
157 3 2 2 3 2 13 1 8269 1
157 4 2 4 3 1 5 2 13 1 17 1 29 1 79 1
157 5 2 2 3 1 11 1 13 1 31 1 1793161 1
157 6 2 3 3 2 7 1 13 1 79 1 3499 1 8269 1
157 7 2 2 3 1 13 1 12503 1 1205476469 1
157 8 2 5 3 1 5 2 13 1 17 1 29 1 79 1 113 1 2688377 1
157 9 2 2 3 3 13 1 19 1 37 1 2593 1 8269 1 2738539 1
163 1 2 1 3 4
163 2 2 3 3 4 41 1
163 3 2 1 3 5 7 1 19 1 67 1
163 4 2 4 3 4 5 1 41 1 2657 1
163 5 2 1 3 4 11 1 31 1 1301 1 1601 1
163 6 2 3 3 5 7 1 19 1 41 1 67 1 26407 1
163 7 2 1 3 4 18871143464293 1
163 8 2 5 3 4 5 1 41 1 601 1 2657 1 587281 1
163 9 2 1 3 6 7 1 19 1 67 1 6251791302919 1
167 1 2 1 83 1
167 2 2 4 3 1 7 1 83 1
167 3 2 1 83 1 28057 1
167 4 2 5 3 1 5 1 7 1 83 1 2789 1
167 5 2 1 71 1 83 1 571 1 19301 1
167 6 2 4 3 2 7 1 83 1 9241 1 28057 1
167 7 2 1 83 1 701 1 31130721917 1
167 8 2 6 3 1 5 1 7 1 41 1 83 1 2789 1 9485321 1
167 9 2 1 83 1 28057 1 209449 1 103566817 1
173 1 2 2 43 1
173 2 2 3 3 1 29 1 43 1
173 3 2 2 43 1 30103 1
173 4 2 4 3 1 5 1 29 1 41 1 43 1 73 1
173 5 2 2 43 1 9431 1 95531 1
173 6 2 3 3 2 7 1 13 1 29 1 43 1 109 1 30103 1
173 7 2 2 43 1 3144079 1 8576317 1
173 8 2 5 3 1 5 1 29 1 41 1 43 1 73 1 769 1 582409 1
173 9 2 2 43 1 2647 1 4519 1 30103 1 2241199 1
179 1 2 1 89 1
179 2 2 3 3 2 5 1 89 1
179 3 2 1 7 1 89 1 4603 1
179 4 2 4 3 2 5 1 37 1 89 1 433 1
179 5 2 1 11 1 89 1 93853931 1
179 6 2 3 3 3 5 1 7 1 13 1 19 1 43 1 89 1 4603 1
179 7 2 1 71 1 89 1 465900166691 1
179 8 2 5 3 2 5 1 17 2 37 1 89 1 433 1 1776169 1
179 9 2 1 7 1 89 1 127 1 3691 1 4603 1 70173073 1
181 1 2 2 3 2 5 1
181 2 2 3 3 2 5 1 7 1 13 1
181 3 2 2 3 3 5 1 79 1 139 1
181 4 2 4 3 2 5 1 7 1 13 1 16381 1
181 5 2 2 3 2 5 2 11 1 19622651 1
181 6 2 3 3 3 5 1 7 1 13 1 31 1 79 1 139 1 1051 1
181 7 2 2 3 2 5 1 29 1 281 1 4338835663 1
181 8 2 5 3 2 5 1 7 1 13 1 1777 1 16381 1 301993 1
181 9 2 2 3 4 5 1 37 1 79 1 139 1 24967 1 12687679 1
191 1 2 1 5 1 19 1
191 2 2 7 3 1 5 1 19 1
191 3 2 1 5 1 7 1 13 2 19 1 31 1
191 4 2 8 3 1 5 1 17 1 19 1 29 1 37 1
191 5 2 1 5 2 11 1 19 1 1871 1 13001 1
191 6 2 7 3 2 5 1 7 1 13 2 19 1 31 1 12097 1
191 7 2 1 5 1 19 1 127 1 197 1 10627 1 183569 1
191 8 2 9 3 1 5 1 17 1 19 1 29 1 37 1 41 1 16230041 1
191 9 2 1 5 1 7 1 13 2 19 1 31 1 48551233240513 1
193 1 2 6 3 1
193 2 2 7 3 1 97 1
193 3 2 6 3 2 7 1 1783 1
193 4 2 8 3 1 5 3 97 1 149 1
193 5 2 6 3 1 1394714501 1
193 6 2 7 3 2 7 1 97 1 1783 1 37057 1
193 7 2 6 3 1 43 1 1208179545301 1
193 8 2 9 3 1 5 3 97 1 149 1 257 1 2699393 1
193 9 2 6 3 3 7 1 1783 1 17227515912769 1
197 1 2 2 7 2
197 2 2 3 3 2 7 2 11 1
197 3 2 2 7 2 19 1 2053 1
197 4 2 4 3 2 5 1 7 2 11 1 3881 1
197 5 2 2 7 2 661 1 991 1 2311 1
197 6 2 3 3 3 7 2 11 1 19 1 61 1 211 1 2053 1
197 7 2 2 7 3 29 1 97847 1 2957767 1
197 8 2 5 3 2 5 1 7 2 11 1 73 1 3881 1 10316017 1
197 9 2 2 7 2 19 1 37 1 739 1 2053 1 2137722121 1
199 1 2 1 3 2 11 1
199 2 2 4 3 2 5 2 11 1
199 3 2 1 3 3 11 1 13267 1
199 4 2 5 3 2 5 2 11 1 19801 1
199 5 2 1 3 2 11 1 71 1 22199431 1
199 6 2 4 3 3 5 2 7 1 11 1 13 1 433 1 13267 1
199 7 2 1 3 2 11 1 29 1 211 1 883 1 11552213 1
199 8 2 6 3 2 5 2 11 1 19801 1 784119601 1
199 9 2 1 3 4 11 1 19 1 829 1 13267 1 1314283717 1
211 1 2 1 3 1 5 1 7 1
211 2 2 3 3 1 5 1 7 1 53 1
211 3 2 1 3 2 5 1 7 1 13 1 31 1 37 1
211 4 2 4 3 1 5 1 7 1 53 1 113 1 197 1
211 5 2 1 3 1 5 2 7 1 1361 1 292661 1
211 6 2 3 3 2 5 1 7 1 13 1 31 1 37 1 53 1 73 1 607 1
211 7 2 1 3 1 5 1 7 2 307189 1 41233879 1
211 8 2 5 3 1 5 1 7 1 53 1 113 1 197 1 241 1 4112281 1
211 9 2 1 3 3 5 1 7 1 13 1 31 1 37 1 179533 1 163843507 1
223 1 2 1 3 1 37 1
223 2 2 6 3 1 7 1 37 1
223 3 2 1 3 2 37 1 16651 1
223 4 2 7 3 1 5 1 7 1 37 1 4973 1
223 5 2 1 3 1 11 1 37 1 41 1 181 1 30431 1
223 6 2 6 3 2 7 1 31 1 37 1 1597 1 16651 1
223 7 2 1 3 1 29 1 37 1 491 1 1709 1 5076443 1
223 8 2 8 3 1 5 1 7 1 17 1 37 1 1049 1 4973 1 69337 1
223 9 2 1 3 3 37 1 73 1 16651 1 276319 1 2032237 1
227 1 2 1 113 1
227 2 2 3 3 1 19 1 113 1
227 3 2 1 73 1 113 1 709 1
227 4 2 4 3 1 5 1 19 1 113 1 5153 1
227 5 2 1 113 1 2666986681 1
227 6 2 3 3 2 7 2 19 1 73 1 113 1 349 1 709 1
227 7 2 1 29 1 113 1 4999 1 947963087 1
227 8 2 5 3 1 5 1 19 1 97 1 113 1 977 1 5153 1 14009 1
227 9 2 1 73 1 113 1 709 1 52543 1 2603996011 1
229 1 2 2 3 1 19 1
229 2 2 3 3 1 5 1 19 1 23 1
229 3 2 2 3 2 19 1 97 1 181 1
229 4 2 4 3 1 5 1 13 1 19 1 23 1 2017 1
229 5 2 2 3 1 11 1 19 1 251101831 1
229 6 2 3 3 2 5 1 7 1 19 1 23 1 97 1 181 1 7459 1
229 7 2 2 3 1 19 1 673 1 215227848907 1
229 8 2 5 3 1 5 1 13 1 17 1 19 1 23 1 73 1 2017 1 1108001 1
229 9 2 2 3 3 19 1 37 1 97 1 181 1 139609 1 9306289 1
233 1 2 3 29 1
233 2 2 4 3 2 13 1 29 1
233 3 2 3 7 1 29 1 7789 1
233 4 2 5 3 2 5 1 13 1 29 1 61 1 89 1
233 5 2 3 29 1 31 1 95483851 1
233 6 2 4 3 3 7 1 13 1 29 1 37 1 487 1 7789 1
233 7 2 3 29 1 71 1 197 1 11488911589 1
233 8 2 6 3 2 5 1 13 1 29 1 61 1 89 1 137 1 241 1 44633 1
233 9 2 3 7 1 19 1 29 1 7789 1 20773 1 405399061 1
239 1 2 1 7 1 17 1
239 2 2 5 3 1 5 1 7 1 17 1
239 3 2 1 7 1 17 1 19 1 3019 1
239 4 2 6 3 1 5 1 7 1 13 4 17 1
239 5 2 1 7 1 17 1 3276517921 1
239 6 2 5 3 2 5 1 7 1 17 1 19 1 67 1 283 1 3019 1
239 7 2 1 7 2 17 1 29 1 245561 1 3754507 1
239 8 2 7 3 1 5 1 7 1 13 4 17 1 809 1 1217 1 1657 1
239 9 2 1 7 1 17 1 19 1 3019 1 348553 1 534710377 1
241 1 2 4 3 1 5 1
241 2 2 5 3 1 5 1 11 2
241 3 2 4 3 2 5 1 19441 1
241 4 2 6 3 1 5 1 11 2 113 1 257 1
241 5 2 4 3 1 5 2 61 1 11106421 1
241 6 2 5 3 2 5 1 7 1 11 2 8263 1 19441 1
241 7 2 4 3 1 5 1 63113 1 3117376319 1
241 8 2 7 3 1 5 1 11 2 73 1 97 1 113 1 257 1 238201 1
241 9 2 4 3 3 5 1 2647 1 19441 1 24673291543 1
251 1 2 1 5 3
251 2 2 3 3 2 5 3 7 1
251 3 2 1 5 3 43 1 1471 1
251 4 2 4 3 2 5 3 7 1 17 2 109 1
251 5 2 1 5 4 11 2 6586781 1
251 6 2 3 3 3 5 3 7 1 13 1 43 1 1471 1 1609 1
251 7 2 1 5 3 251059142817757 1
251 8 2 5 3 2 5 3 7 1 17 2 109 1 1984563001 1
251 9 2 1 5 3 19 1 43 1 73 1 1471 1 2593 1 69528583 1
257 1 2 8
257 2 2 9 3 1 43 1
257 3 2 8 61 1 1087 1
257 4 2 10 3 1 5 2 43 1 1321 1
257 5 2 8 11 1 398137391 1
257 6 2 9 3 2 7 1 13 1 43 1 61 1 241 1 1087 1
257 7 2 8 29 1 62273 1 160174771 1
257 8 2 11 3 1 5 2 17 1 43 1 1321 1 128307953 1
257 9 2 8 61 1 199 1 1087 1 61363 1 23596039 1
263 1 2 1 131 1
263 2 2 4 3 1 11 1 131 1
263 3 2 1 7 2 13 1 109 1 131 1
263 4 2 5 3 1 5 1 11 1 131 1 6917 1
263 5 2 1 131 1 4802611441 1
263 6 2 4 3 2 7 2 11 1 13 1 103 1 109 1 131 1 223 1
263 7 2 1 131 1 239 1 7211 1 192750517 1
263 8 2 6 3 1 5 1 11 1 17 1 131 1 3041 1 6917 1 46273 1
263 9 2 1 7 2 13 1 19 1 109 1 131 1 17417303270803 1
269 1 2 2 67 1
269 2 2 3 3 3 5 1 67 1
269 3 2 2 13 1 37 1 67 1 151 1
269 4 2 4 3 3 5 1 67 1 97 1 373 1
269 5 2 2 11 2 67 1 43435141 1
269 6 2 3 3 4 5 1 7 1 13 1 37 1 67 1 151 1 3433 1
269 7 2 2 43 1 67 1 211 1 631 1 2633 1 25229 1
269 8 2 5 3 3 5 1 67 1 97 1 373 1 30593 1 85577 1
269 9 2 2 13 1 37 1 67 1 151 1 378890487846991 1
271 1 2 1 3 3 5 1
271 2 2 5 3 3 5 1 17 1
271 3 2 1 3 4 5 1 24571 1
271 4 2 6 3 3 5 1 17 1 36721 1
271 5 2 1 3 3 5 2 251 1 4313591 1
271 6 2 5 3 4 5 1 7 1 17 1 10453 1 24571 1
271 7 2 1 3 3 5 1 9170197 1 43355341 1
271 8 2 7 3 3 5 1 17 1 241 1 2609 1 4289 1 36721 1
271 9 2 1 3 5 5 1 19 1 37 1 24571 1 187818854437 1
277 1 2 2 3 1 23 1
277 2 2 3 3 1 23 1 139 1
277 3 2 2 3 2 7 1 19 1 23 1 193 1
277 4 2 4 3 1 5 1 23 1 139 1 7673 1
277 5 2 2 3 1 23 1 5908670381 1
277 6 2 3 3 2 7 1 13 1 19 1 23 1 139 1 193 1 5881 1
277 7 2 2 3 1 23 1 29 1 119981 1 130298323 1
277 8 2 5 3 1 5 1 23 1 139 1 569 1 7673 1 5173409 1
277 9 2 2 3 3 7 1 19 1 23 1 193 1 13267 1 11349707023 1
281 1 2 3 5 1 7 1
281 2 2 4 3 1 5 1 7 1 47 1
281 3 2 3 5 1 7 1 109 1 727 1
281 4 2 5 3 1 5 1 7 1 13 1 47 1 3037 1
281 5 2 3 5 2 7 1 31 1 271 1 148961 1
281 6 2 4 3 2 5 1 7 1 47 1 109 1 727 1 26227 1
281 7 2 3 5 1 7 2 29 1 15737 1 154656517 1
281 8 2 6 3 1 5 1 7 1 13 1 17 1 47 1 3037 1 183377633 1
281 9 2 3 5 1 7 1 109 1 727 1 2953 1 9901 1 16838191 1
283 1 2 1 3 1 47 1
283 2 2 3 3 1 47 1 71 1
283 3 2 1 3 2 47 1 73 1 367 1
283 4 2 4 3 1 5 1 47 1 71 1 8009 1
283 5 2 1 3 1 31 1 41 1 47 1 5064511 1
283 6 2 3 3 2 7 1 13 1 47 1 71 1 73 1 367 1 877 1
283 7 2 1 3 1 47 1 239 1 2157039208787 1
283 8 2 5 3 1 5 1 47 1 71 1 353 1 8009 1 9085337 1
283 9 2 1 3 3 19 1 47 1 73 1 367 1 9012468849301 1
293 1 2 2 73 1
293 2 2 3 3 1 7 2 73 1
293 3 2 2 73 1 86143 1
293 4 2 4 3 1 5 2 7 2 17 1 73 1 101 1
293 5 2 2 73 1 17911 1 412891 1
293 6 2 3 3 2 7 2 19 2 73 1 79 1 86143 1
293 7 2 2 43 1 73 1 2197609 1 6718489 1
293 8 2 5 3 1 5 2 7 2 17 1 73 1 101 1 25673 1 143537 1
293 9 2 2 37 1 73 1 109 1 27919 1 86143 1 5619241 1
307 1 2 1 3 2 17 1
307 2 2 3 3 2 7 1 11 1 17 1
307 3 2 1 3 3 17 1 43 1 733 1
307 4 2 4 3 2 5 3 7 1 11 1 13 1 17 1 29 1
307 5 2 1 3 2 17 1 1051 1 1621 1 5231 1
307 6 2 3 3 3 7 1 11 1 17 1 37 1 43 1 733 1 2539 1
307 7 2 1 3 2 17 1 659 1 1274564409623 1
307 8 2 5 3 2 5 3 7 1 11 1 13 1 17 1 29 1 33937 1 130873 1
307 9 2 1 3 4 17 1 43 1 733 1 279067340218231 1
311 1 2 1 5 1 31 1
311 2 2 4 3 1 5 1 13 1 31 1
311 3 2 1 5 1 19 1 31 1 5107 1
311 4 2 5 3 1 5 1 13 1 31 1 137 1 353 1
311 5 2 1 5 2 11 1 31 1 170638711 1
311 6 2 4 3 2 5 1 7 1 13 1 19 1 31 1 4591 1 5107 1
311 7 2 1 5 1 31 1 197 1 19853 1 232096537 1
311 8 2 6 3 1 5 1 13 1 31 1 137 1 353 1 2897 1 1614593 1
311 9 2 1 5 1 19 1 31 1 5107 1 104383 1 8668272871 1
313 1 2 3 3 1 13 1
313 2 2 4 3 1 13 1 157 1
313 3 2 3 3 2 13 1 181 2
313 4 2 5 3 1 5 1 13 1 97 1 101 1 157 1
313 5 2 3 3 1 11 1 13 1 875335231 1
313 6 2 4 3 2 7 2 13 1 157 1 181 2 1993 1
313 7 2 3 3 1 13 1 29 1 32528030679467 1
313 8 2 6 3 1 5 1 13 1 97 1 101 1 157 1 4798962481 1
313 9 2 3 3 3 13 1 19 1 181 2 33967 1 485661853 1
317 1 2 2 79 1
317 2 2 3 3 1 53 1 79 1
317 3 2 2 7 1 79 1 14401 1
317 4 2 4 3 1 5 1 13 1 53 1 79 1 773 1
317 5 2 2 11 1 79 1 311 1 2961121 1
317 6 2 3 3 2 7 1 53 1 79 1 14401 1 33391 1
317 7 2 2 43 1 79 1 1723 1 13739597803 1
317 8 2 5 3 1 5 1 13 1 53 1 79 1 773 1 5049019561 1
317 9 2 2 7 1 79 1 739 1 14401 1 34471 1 39834307 1
331 1 2 1 3 1 5 1 11 1
331 2 2 3 3 1 5 1 11 1 83 1
331 3 2 1 3 2 5 1 7 1 11 1 5233 1
331 4 2 4 3 1 5 1 11 1 29 1 83 1 1889 1
331 5 2 1 3 1 5 2 11 1 37861 1 63601 1
331 6 2 3 3 2 5 1 7 1 11 1 19 1 83 1 5233 1 5749 1
331 7 2 1 3 1 5 1 11 1 2180921 1 604842197 1
331 8 2 5 3 1 5 1 11 1 17 1 29 1 41 1 83 1 1889 1 8610913 1
331 9 2 1 3 3 5 1 7 1 11 1 5233 1 3844747 1 114019453 1
337 1 2 4 3 1 7 1
337 2 2 5 3 1 7 1 13 2
337 3 2 4 3 2 7 1 43 1 883 1
337 4 2 6 3 1 5 1 7 1 13 2 41 1 277 1
337 5 2 4 3 1 7 1 12936304421 1
337 6 2 5 3 2 7 1 13 2 43 1 883 1 113233 1
337 7 2 4 3 1 7 2 239 1 878160882719 1
337 8 2 7 3 1 5 1 7 1 13 2 41 1 277 1 6448958881 1
337 9 2 4 3 3 7 1 43 1 883 1 1009 1 483912672769 1
347 1 2 1 173 1
347 2 2 3 3 1 29 1 173 1
347 3 2 1 7 1 13 1 173 1 1327 1
347 4 2 4 3 1 5 1 29 1 173 1 12041 1
347 5 2 1 173 1 311 1 46753151 1
347 6 2 3 3 2 7 1 13 1 29 1 31 1 173 1 1291 1 1327 1
347 7 2 1 173 1 39577763 1 44236319 1
347 8 2 5 3 1 5 1 29 1 173 1 673 1 12041 1 10771417 1
347 9 2 1 7 1 13 1 19 1 73 1 173 1 1297 1 1327 1 970421527 1
349 1 2 2 3 1 29 1
349 2 2 3 3 1 5 2 7 1 29 1
349 3 2 2 3 2 19 1 29 1 2143 1
349 4 2 4 3 1 5 2 7 1 29 1 60901 1
349 5 2 2 3 1 29 1 31 1 941 1 510031 1
349 6 2 3 3 2 5 2 7 1 19 1 29 1 2143 1 121453 1
349 7 2 2 3 1 29 1 1812169199976451 1
349 8 2 5 3 1 5 2 7 1 17 1 29 1 60901 1 436337753 1
349 9 2 2 3 3 19 1 29 1 37 1 2143 1 16279070095441 1
353 1 2 5 11 1
353 2 2 6 3 1 11 1 59 1
353 3 2 5 11 1 19 1 6577 1
353 4 2 7 3 1 5 1 11 1 17 1 59 1 733 1
353 5 2 5 11 1 4201 1 3706621 1
353 6 2 6 3 2 7 1 11 1 19 1 59 1 61 1 97 1 6577 1
353 7 2 5 11 1 1940350890330343 1
353 8 2 8 3 1 5 1 11 1 17 1 59 1 733 1 7763701441 1
353 9 2 5 11 1 19 1 127 1 307 1 6577 1 49625642863 1
359 1 2 1 179 1
359 2 2 4 3 2 5 1 179 1
359 3 2 1 7 1 37 1 179 1 499 1
359 4 2 5 3 2 5 1 13 1 179 1 4957 1
359 5 2 1 179 1 16656709681 1
359 6 2 4 3 3 5 1 7 1 37 1 179 1 499 1 42841 1
359 7 2 1 179 1 211 1 449 1 1303 1 4019 1 4327 1
359 8 2 6 3 2 5 1 13 1 17 1 179 1 4957 1 11113 1 43961 1
359 9 2 1 7 1 19 1 37 1 179 1 499 1 112671246731059 1
367 1 2 1 3 1 61 1
367 2 2 5 3 1 23 1 61 1
367 3 2 1 3 2 13 1 61 1 3463 1
367 4 2 6 3 1 5 1 23 1 61 1 13469 1
367 5 2 1 3 1 11 1 61 1 281 1 5885051 1
367 6 2 5 3 2 7 1 13 1 23 1 31 1 61 1 619 1 3463 1
367 7 2 1 3 1 61 1 113 1 233437 1 92882357 1
367 8 2 7 3 1 5 1 23 1 61 1 13469 1 39089 1 232049 1
367 9 2 1 3 3 13 1 19 1 37 1 61 1 73 1 3463 1 20089 1 790021 1
373 1 2 2 3 1 31 1
373 2 2 3 3 1 11 1 17 1 31 1
373 3 2 2 3 2 7 2 13 1 31 1 73 1
373 4 2 4 3 1 5 1 11 1 17 1 31 1 13913 1
373 5 2 2 3 1 31 1 19408913261 1
373 6 2 3 3 2 7 2 11 1 13 1 17 1 19 1 31 1 67 1 73 1 109 1
373 7 2 2 3 1 29 1 31 1 93115265278967 1
373 8 2 5 3 1 5 1 11 1 17 1 31 1 13913 1 54217 1 178513 1
373 9 2 2 3 3 7 2 13 1 31 1 73 1 739 1 28621 1 42442651 1
379 1 2 1 3 3 7 1
379 2 2 3 3 3 5 1 7 1 19 1
379 3 2 1 3 4 7 1 61 1 787 1
379 4 2 4 3 3 5 1 7 1 19 1 71821 1
379 5 2 1 3 3 7 1 11 1 41 1 45869891 1
379 6 2 3 3 4 5 1 7 1 19 1 61 1 787 1 143263 1
379 7 2 1 3 3 7 2 43 1 9872250674161 1
379 8 2 5 3 3 5 1 7 1 19 1 2657 1 71821 1 3882713 1
379 9 2 1 3 5 7 1 37 1 61 1 163 1 199 1 787 1 10657 1 77239 1
383 1 2 1 191 1
383 2 2 8 3 1 191 1
383 3 2 1 191 1 147073 1
383 4 2 9 3 1 5 1 191 1 14669 1
383 5 2 1 11 1 191 1 7621 1 257351 1
383 6 2 8 3 2 7 1 191 1 6967 1 147073 1
383 7 2 1 127 1 191 1 24918639887359 1
383 8 2 10 3 1 5 1 17 1 41 1 113 1 191 1 14669 1 136601 1
383 9 2 1 191 1 147073 1 3156404483062657 1
389 1 2 2 97 1
389 2 2 3 3 1 5 1 13 1 97 1
389 3 2 2 7 1 97 1 21673 1
389 4 2 4 3 1 5 1 13 1 29 1 97 1 2609 1
389 5 2 2 11 1 97 1 16481 1 126631 1
389 6 2 3 3 2 5 1 7 1 13 1 97 1 21673 1 50311 1
389 7 2 2 97 1 127 1 337 1 659 1 827 1 148933 1
389 8 2 5 3 1 5 1 13 1 17 1 29 1 97 1 2609 1 23057 1 29209 1
389 9 2 2 7 1 19 2 97 1 2539 1 21673 1 3780312589 1
397 1 2 2 3 2 11 1
397 2 2 3 3 2 11 1 199 1
397 3 2 2 3 3 11 1 31 1 1699 1
397 4 2 4 3 2 5 1 11 1 199 1 15761 1
397 5 2 2 3 2 11 1 24903325661 1
397 6 2 3 3 3 7 1 11 1 31 1 37 1 199 1 607 1 1699 1
397 7 2 2 3 2 11 1 29 1 127 1 927137 1 1149457 1
397 8 2 5 3 2 5 1 11 1 199 1 1489 1 15761 1 8341369 1
397 9 2 2 3 4 11 1 19 1 31 1 73 1 1699 1 940904036623 1
401 1 2 4 5 2
401 2 2 5 3 1 5 2 67 1
401 3 2 4 5 2 7 1 23029 1
401 4 2 6 3 1 5 2 37 1 41 1 53 1 67 1
401 5 2 4 5 3 11 1 1231 1 382861 1
401 6 2 5 3 2 5 2 7 1 67 1 127 1 421 1 23029 1
401 7 2 4 5 2 29 1 337 1 263047 1 1621397 1
401 8 2 7 3 1 5 2 37 1 41 1 53 1 67 1 137 1 1697 1 55609 1
401 9 2 4 5 2 7 1 181 1 23029 1 22971410756263 1
409 1 2 3 3 1 17 1
409 2 2 4 3 1 5 1 17 1 41 1
409 3 2 3 3 2 17 1 55897 1
409 4 2 5 3 1 5 1 17 1 41 1 83641 1
409 5 2 3 3 1 17 1 71 1 8971 1 44041 1
409 6 2 4 3 2 5 1 7 1 17 1 31 1 41 1 769 1 55897 1
409 7 2 3 3 1 17 1 6133 1 15919 1 48063373 1
409 8 2 6 3 1 5 1 17 1 41 1 3769 1 83641 1 3712249 1
409 9 2 3 3 3 17 1 55897 1 357517 1 4364373421 1
419 1 2 1 11 1 19 1
419 2 2 3 3 1 5 1 7 1 11 1 19 1
419 3 2 1 11 1 13 1 19 1 13537 1
419 4 2 4 3 1 5 1 7 1 11 1 19 1 41 1 2141 1
419 5 2 1 11 1 19 1 31 1 996625831 1
419 6 2 3 3 2 5 1 7 1 11 1 13 1 19 1 79 1 739 1 13537 1
419 7 2 1 11 1 19 1 7603 1 713406215047 1
419 8 2 5 3 1 5 1 7 1 11 1 19 1 41 1 2141 1 15410832361 1
419 9 2 1 11 1 13 1 19 1 37 1 13537 1 29017 1 5039992729 1
421 1 2 2 3 1 5 1 7 1
421 2 2 3 3 1 5 1 7 1 211 1
421 3 2 2 3 2 5 1 7 1 59221 1
421 4 2 4 3 1 5 1 7 1 13 1 17 1 211 1 401 1
421 5 2 2 3 1 5 2 7 1 11 1 181 1 191 1 16561 1
421 6 2 3 3 2 5 1 7 1 151 1 211 1 1171 1 59221 1
421 7 2 2 3 1 5 1 7 2 797310237403261 1
421 8 2 5 3 1 5 1 7 1 13 1 17 1 97 1 137 1 211 1 401 1 1181969 1
421 9 2 2 3 3 5 1 7 1 59221 1 386587 1 4800915703 1
431 1 2 1 5 1 43 1
431 2 2 5 3 3 5 1 43 1
431 3 2 1 5 1 7 1 43 1 67 1 397 1
431 4 2 6 3 3 5 1 43 1 293 1 317 1
431 5 2 1 5 2 43 1 71 1 191 1 510101 1
431 6 2 5 3 4 5 1 7 1 43 1 67 1 163 1 379 1 397 1
431 7 2 1 5 1 29 1 43 1 953 1 967 1 1009 1 238267 1
431 8 2 7 3 3 5 1 43 1 293 1 317 1 17253574561 1
431 9 2 1 5 1 7 1 43 1 67 1 397 1 23839957 1 268879789 1
433 1 2 4 3 3
433 2 2 5 3 3 7 1 31 1
433 3 2 4 3 4 37 1 1693 1
433 4 2 6 3 3 5 1 7 1 31 1 18749 1
433 5 2 4 3 3 11 1 1811 1 1768661 1
433 6 2 5 3 4 7 1 13 1 31 1 37 1 1693 1 14389 1
433 7 2 4 3 3 743 1 5209 1 1706822489 1
433 8 2 7 3 3 5 1 7 1 17 1 31 1 89 1 18749 1 11616697 1
433 9 2 4 3 5 37 1 127 1 1621 1 1693 1 10671350707 1
439 1 2 1 3 1 73 1
439 2 2 4 3 1 5 1 11 1 73 1
439 3 2 1 3 2 31 2 67 1 73 1
439 4 2 5 3 1 5 1 11 1 73 1 173 1 557 1
439 5 2 1 3 1 73 1 37226181521 1
439 6 2 4 3 2 5 1 7 1 11 1 13 1 31 2 67 1 73 1 2113 1
439 7 2 1 3 1 73 1 7883 1 63841 1 14255627 1
439 8 2 6 3 1 5 1 11 1 73 1 173 1 557 1 977 1 19007873 1
439 9 2 1 3 3 31 2 67 1 73 1 2385974906608627 1
443 1 2 1 13 1 17 1
443 2 2 3 3 1 13 1 17 1 37 1
443 3 2 1 7 1 13 1 17 1 28099 1
443 4 2 4 3 1 5 4 13 1 17 1 37 1 157 1
443 5 2 1 11 1 13 1 17 1 15971 1 219721 1
443 6 2 3 3 2 7 1 13 1 17 1 37 1 28099 1 65269 1
443 7 2 1 13 1 17 1 34770289 1 217869037 1
443 8 2 5 3 1 5 4 13 1 17 1 37 1 157 1 81649 1 235849 1
443 9 2 1 7 1 13 1 17 1 19 1 28099 1 749701 1 530616403 1
449 1 2 6 7 1
449 2 2 7 3 2 5 2 7 1
449 3 2 6 7 1 97 1 2083 1
449 4 2 8 3 2 5 2 7 1 100801 1
449 5 2 6 7 1 11 1 3703062191 1
449 6 2 7 3 3 5 2 7 1 19 1 97 1 2083 1 3529 1
449 7 2 6 7 2 2969 1 395128299497 1
449 8 2 9 3 2 5 2 7 1 100801 1 20321481601 1
449 9 2 6 7 1 97 1 127 1 271 1 2083 1 238070201203 1
457 1 2 3 3 1 19 1
457 2 2 4 3 1 19 1 229 1
457 3 2 3 3 2 7 1 19 1 9967 1
457 4 2 5 3 1 5 2 19 1 229 1 4177 1
457 5 2 3 3 1 19 1 43713558101 1
457 6 2 4 3 2 7 1 19 1 229 1 9967 1 208393 1
457 7 2 3 3 1 19 1 5741 1 1590233913227 1
457 8 2 6 3 1 5 2 17 1 19 1 89 1 229 1 4177 1 14414377 1
457 9 2 3 3 3 7 1 19 1 9967 1 4424059 1 686364859 1
461 1 2 2 5 1 23 1
461 2 2 3 3 1 5 1 7 1 11 1 23 1
461 3 2 2 5 1 23 1 373 1 571 1
461 4 2 4 3 1 5 1 7 1 11 1 23 1 106261 1
461 5 2 2 5 2 23 1 41 1 61 1 151 1 23971 1
461 6 2 3 3 2 5 1 7 1 11 1 23 1 373 1 571 1 70687 1
461 7 2 2 5 1 23 1 9619414659135667 1
461 8 2 5 3 1 5 1 7 1 11 1 17 1 23 1 1049 1 106261 1 1266337 1
461 9 2 2 5 1 19 1 23 1 373 1 571 1 4933 1 102409640209 1
463 1 2 1 3 1 7 1 11 1
463 2 2 5 3 1 7 1 11 1 29 1
463 3 2 1 3 2 7 1 11 1 19 1 3769 1
463 4 2 6 3 1 5 1 7 1 11 1 13 1 17 1 29 1 97 1
463 5 2 1 3 1 7 1 11 1 881 1 52274161 1
463 6 2 5 3 2 7 1 11 1 19 1 29 1 409 1 523 1 3769 1
463 7 2 1 3 1 7 2 11 1 71 1 19864085361569 1
463 8 2 7 3 1 5 1 7 1 11 1 13 1 17 1 29 1 97 1 22977034081 1
463 9 2 1 3 3 7 1 11 1 19 1 109 1 379 1 3769 1 44497 1 1786357 1
467 1 2 1 233 1
467 2 2 3 3 2 13 1 233 1
467 3 2 1 19 1 233 1 11503 1
467 4 2 4 3 2 5 1 13 1 113 1 193 1 233 1
467 5 2 1 11 1 31 1 41 1 233 1 3409261 1
467 6 2 3 3 3 7 1 13 1 19 1 43 1 233 1 241 1 11503 1
467 7 2 1 233 1 449 1 104707 1 221110919 1
467 8 2 5 3 2 5 1 13 1 17 1 113 1 193 1 233 1 1398906233 1
467 9 2 1 19 1 233 1 613 1 11503 1 16921576167841 1
479 1 2 1 239 1
479 2 2 6 3 1 5 1 239 1
479 3 2 1 43 1 239 1 5347 1
479 4 2 7 3 1 5 1 89 1 239 1 1289 1
479 5 2 1 239 1 52753304641 1
479 6 2 6 3 2 5 1 7 1 43 1 239 1 5347 1 10903 1
479 7 2 1 239 1 14869 1 814027235869 1
479 8 2 8 3 1 5 1 89 1 239 1 1289 1 26321586241 1
479 9 2 1 19 1 43 1 239 1 5347 1 635710644585019 1
487 1 2 1 3 5
487 2 2 4 3 5 61 1
487 3 2 1 3 6 7 1 11317 1
487 4 2 5 3 5 5 1 37 1 61 1 641 1
487 5 2 1 3 5 11 2 181 1 2573621 1
487 6 2 4 3 6 7 1 19 1 61 1 11317 1 12457 1
487 7 2 1 3 5 29 1 156941 1 2937190033 1
487 8 2 6 3 5 5 1 37 1 61 1 641 1 28124567281 1
487 9 2 1 3 7 7 1 11317 1 113167 1 39294585613 1
491 1 2 1 5 1 7 2
491 2 2 3 3 1 5 1 7 2 41 1
491 3 2 1 5 1 7 2 37 1 6529 1
491 4 2 4 3 1 5 1 7 2 41 1 149 1 809 1
491 5 2 1 5 2 7 2 101 1 191 1 603791 1
491 6 2 3 3 2 5 1 7 2 13 1 31 1 37 1 41 1 199 1 6529 1
491 7 2 1 5 1 7 3 617 1 1051 1 3093060713 1
491 8 2 5 3 1 5 1 7 2 17 1 41 1 149 1 809 1 1709413193 1
491 9 2 1 5 1 7 2 19 1 37 1 6529 1 11495899 1 64149373 1
499 1 2 1 3 1 83 1
499 2 2 3 3 1 5 3 83 1
499 3 2 1 3 2 7 1 83 1 109 2
499 4 2 4 3 1 5 3 13 1 61 1 83 1 157 1
499 5 2 1 3 1 11 1 83 1 101 1 55918991 1
499 6 2 3 3 2 5 3 7 1 67 1 83 1 109 2 3709 1
499 7 2 1 3 1 83 1 4831 1 13567 1 236022613 1
499 8 2 5 3 1 5 3 13 1 61 1 83 1 157 1 401 1 7393 1 10457 1
499 9 2 1 3 3 7 1 19 1 83 1 109 2 937 1 136603 1 2116063 1
503 1 2 1 251 1
503 2 2 4 3 2 7 1 251 1
503 3 2 1 13 1 251 1 19501 1
503 4 2 5 3 2 5 1 7 1 251 1 25301 1
503 5 2 1 251 1 64141071121 1
503 6 2 4 3 3 7 1 13 1 73 1 251 1 1153 1 19501 1
503 7 2 1 251 1 127037 1 127744422989 1
503 8 2 6 3 2 5 1 7 1 251 1 25301 1 32006777041 1
503 9 2 1 13 1 19 1 251 1 1999 1 19501 1 426423881197 1
509 1 2 2 127 1
509 2 2 3 3 1 5 1 17 1 127 1
509 3 2 2 43 1 127 1 6037 1
509 4 2 4 3 1 5 1 17 1 127 1 281 1 461 1
509 5 2 2 11 1 127 1 6114099671 1
509 6 2 3 3 2 5 1 7 2 17 1 43 1 127 1 1759 1 6037 1
509 7 2 2 29 1 127 1 2801 1 10333 1 20759803 1
509 8 2 5 3 1 5 1 17 1 127 1 281 1 461 1 6353 1 5282777 1
509 9 2 2 43 1 127 1 6037 1 17390284913300671 1
521 1 2 3 5 1 13 1
521 2 2 4 3 2 5 1 13 1 29 1
521 3 2 3 5 1 13 1 31 2 283 1
521 4 2 5 3 2 5 1 13 1 29 1 135721 1
521 5 2 3 5 2 11 1 13 1 17761 1 75571 1
521 6 2 4 3 3 5 1 7 2 13 1 19 1 29 1 31 2 97 1 283 1
521 7 2 3 5 1 13 1 70981 1 282305023267 1
521 8 2 6 3 2 5 1 13 1 29 1 73 1 113 1 135721 1 4466009 1
521 9 2 3 5 1 13 1 31 2 283 1 85627 1 413263 1 565183 1
523 1 2 1 3 2 29 1
523 2 2 3 3 2 29 1 131 1
523 3 2 1 3 3 13 1 29 1 7027 1
523 4 2 4 3 2 5 1 17 1 29 1 131 1 1609 1
523 5 2 1 3 2 29 1 3491 1 21472771 1
523 6 2 3 3 3 7 1 13 1 29 1 43 1 131 1 907 1 7027 1
523 7 2 1 3 2 29 1 20504128695797293 1
523 8 2 5 3 2 5 1 17 1 29 1 131 1 1609 1 37409056921 1
523 9 2 1 3 4 13 1 29 1 7027 1 6821641334623519 1
541 1 2 2 3 3 5 1
541 2 2 3 3 3 5 1 271 1
541 3 2 2 3 4 5 1 7 1 13963 1
541 4 2 4 3 3 5 1 13 1 271 1 11257 1
541 5 2 2 3 3 5 2 101 1 169942181 1
541 6 2 3 3 4 5 1 7 1 271 1 13963 1 292141 1
541 7 2 2 3 3 5 1 46574123 1 539314889 1
541 8 2 5 3 3 5 1 13 1 271 1 449 1 11257 1 95392169 1
541 9 2 2 3 5 5 1 7 1 19 1 109 1 13963 1 54091 1 74603161 1
547 1 2 1 3 1 7 1 13 1
547 2 2 3 3 1 7 1 13 1 137 1
547 3 2 1 3 2 7 1 13 1 163 1 613 1
547 4 2 4 3 1 5 1 7 1 13 1 137 1 29921 1
547 5 2 1 3 1 7 1 13 1 431 1 208097431 1
547 6 2 3 3 2 7 1 13 1 97 1 137 1 163 1 613 1 3079 1
547 7 2 1 3 1 7 2 13 1 29 1 132197305635599 1
547 8 2 5 3 1 5 1 7 1 13 1 41 1 113 1 137 1 29921 1 9661777 1
547 9 2 1 3 3 7 1 13 1 163 1 613 1 1747 1 5111046132733 1
557 1 2 2 139 1
557 2 2 3 3 2 31 1 139 1
557 3 2 2 7 2 139 1 6343 1
557 4 2 4 3 2 5 3 17 1 31 1 73 1 139 1
557 5 2 2 139 1 96427561501 1
557 6 2 3 3 3 7 2 31 1 139 1 6343 1 103231 1
557 7 2 2 43 1 139 1 695733826235449 1
557 8 2 5 3 2 5 3 17 1 31 1 73 1 139 1 25657 1 1875793 1
557 9 2 2 7 2 19 1 139 1 6343 1 7456231 1 210793987 1
563 1 2 1 281 1
563 2 2 3 3 1 47 1 281 1
563 3 2 1 31 1 281 1 10243 1
563 4 2 4 3 1 5 1 29 1 47 1 281 1 1093 1
563 5 2 1 281 1 100648118041 1
563 6 2 3 3 2 7 1 13 1 19 1 31 1 47 1 61 1 281 1 10243 1
563 7 2 1 43 1 281 1 54559 1 13598393089 1
563 8 2 5 3 1 5 1 17 1 29 1 47 1 233 1 281 1 337 1 1093 1 37633 1
563 9 2 1 31 1 281 1 1459 1 4447 1 10243 1 18397 1 266797 1
569 1 2 3 71 1
569 2 2 4 3 1 5 1 19 1 71 1
569 3 2 3 7 2 71 1 6619 1
569 4 2 5 3 1 5 1 19 1 71 1 161881 1
569 5 2 3 61 1 71 1 241 1 751 1 9511 1
569 6 2 4 3 2 5 1 7 2 13 1 19 1 71 1 6619 1 8287 1
569 7 2 3 71 1 6763 1 5026875643357 1
569 8 2 6 3 1 5 1 17 1 19 1 71 1 161881 1 3082976033 1
569 9 2 3 7 2 71 1 6619 1 615259 1 55158903649 1
571 1 2 1 3 1 5 1 19 1
571 2 2 3 3 1 5 1 11 1 13 1 19 1
571 3 2 1 3 2 5 1 7 1 19 1 103 1 151 1
571 4 2 4 3 1 5 1 11 1 13 1 19 1 163021 1
571 5 2 1 3 1 5 2 19 1 1831 1 11631811 1
571 6 2 3 3 2 5 1 7 1 11 1 13 1 19 1 103 1 151 1 271 1 1201 1
571 7 2 1 3 1 5 1 19 1 29 2 41284013010997 1
571 8 2 5 3 1 5 1 11 1 13 1 19 1 41 1 89 1 449 1 32441 1 163021 1
571 9 2 1 3 3 5 1 7 1 19 1 37 1 103 1 151 1 312243691696003 1
577 1 2 6 3 2
577 2 2 7 3 2 17 2
577 3 2 6 3 3 19 1 5851 1
577 4 2 8 3 2 5 1 13 2 17 2 197 1
577 5 2 6 3 2 11 1 131 1 77053541 1
577 6 2 7 3 3 7 1 17 2 19 1 79 1 601 1 5851 1
577 7 2 6 3 2 20147 1 1834838406941 1
577 8 2 9 3 2 5 1 13 2 17 2 41 1 197 1 1351728281 1
577 9 2 6 3 4 19 1 5851 1 31321 1 392733553321 1
587 1 2 1 293 1
587 2 2 3 3 1 7 2 293 1
587 3 2 1 293 1 547 1 631 1
587 4 2 4 3 1 5 1 7 2 293 1 34457 1
587 5 2 1 11 1 293 1 35401 1 305411 1
587 6 2 3 3 2 7 2 293 1 547 1 631 1 114661 1
587 7 2 1 29 1 293 1 1413094138071953 1
587 8 2 5 3 1 5 1 7 2 17 1 293 1 34457 1 44953 1 77681 1
587 9 2 1 19 1 293 1 547 1 631 1 2153153582096527 1
593 1 2 4 37 1
593 2 2 5 3 3 11 1 37 1
593 3 2 4 37 1 163 1 2161 1
593 4 2 6 3 3 5 2 11 1 13 1 37 1 541 1
593 5 2 4 31 1 37 1 71 1 56277101 1
593 6 2 5 3 4 7 1 11 1 37 1 73 1 163 1 229 1 2161 1
593 7 2 4 37 1 113 1 211 1 1877 1 973275913 1
593 8 2 7 3 3 5 2 11 1 13 1 17 1 37 1 541 1 27961 1 130073 1
593 9 2 4 19 1 37 1 163 1 397 1 2161 1 5764797474949 1
599 1 2 1 13 1 23 1
599 2 2 4 3 1 5 2 13 1 23 1
599 3 2 1 7 1 13 1 23 1 51343 1
599 4 2 5 3 1 5 2 13 1 17 1 23 1 61 1 173 1
599 5 2 1 11 1 13 1 23 1 2221 1 5278271 1
599 6 2 4 3 2 5 2 7 1 13 1 23 1 139 1 859 1 51343 1
599 7 2 1 13 1 23 1 46268622795238201 1
599 8 2 6 3 1 5 2 13 1 17 1 23 1 61 1 173 1 4153 1 15499417 1
599 9 2 1 7 1 13 1 23 1 37 1 2557 1 51343 1 488234522089 1
601 1 2 3 3 1 5 2
601 2 2 4 3 1 5 2 7 1 43 1
601 3 2 3 3 2 5 2 13 1 9277 1
601 4 2 5 3 1 5 2 7 1 43 1 313 1 577 1
601 5 2 3 3 1 5 3 26136721201 1
601 6 2 4 3 2 5 2 7 1 13 1 19 1 43 1 9277 1 18979 1
601 7 2 3 3 1 5 2 631 1 4832521 1 15479857 1
601 8 2 6 3 1 5 2 7 1 41 1 43 1 313 1 577 1 1591050761 1
601 9 2 3 3 3 5 2 13 1 37 1 9277 1 424545122004373 1
607 1 2 1 3 1 101 1
607 2 2 6 3 1 19 1 101 1
607 3 2 1 3 2 13 1 101 1 9463 1
607 4 2 7 3 1 5 2 19 1 101 1 7369 1
607 5 2 1 3 1 61 1 101 1 2229158741 1
607 6 2 6 3 2 7 2 13 1 19 1 101 1 7507 1 9463 1
607 7 2 1 3 1 101 1 54517 1 415759 1 2210419 1
607 8 2 8 3 1 5 2 19 1 101 1 7369 1 67877332801 1
607 9 2 1 3 3 13 1 101 1 127 1 9463 1 131282601075253 1
613 1 2 2 3 2 17 1
613 2 2 3 3 2 17 1 307 1
613 3 2 2 3 3 7 1 17 1 17923 1
613 4 2 4 3 2 5 1 17 1 53 1 307 1 709 1
613 5 2 2 3 2 17 1 131 1 20161 1 53551 1
613 6 2 3 3 3 7 1 17 1 307 1 17923 1 375157 1
613 7 2 2 3 2 17 1 43 1 71 1 55721 1 312410911 1
613 8 2 5 3 2 5 1 17 1 53 1 307 1 709 1 70601170681 1
613 9 2 2 3 4 7 1 17 1 19 1 379 1 17923 1 154981 1 15847849 1
617 1 2 3 7 1 11 1
617 2 2 4 3 1 7 1 11 1 103 1
617 3 2 3 7 1 11 1 97 1 3931 1
617 4 2 5 3 1 5 1 7 1 11 1 103 1 38069 1
617 5 2 3 7 1 11 1 145159381141 1
617 6 2 4 3 2 7 1 11 1 97 1 103 1 3931 1 126691 1
617 7 2 3 7 2 11 1 29387639 1 268628879 1
617 8 2 6 3 1 5 1 7 1 11 1 103 1 953 1 5657 1 13441 1 38069 1
617 9 2 3 7 1 11 1 19 1 97 1 523 1 3931 1 5552079756859 1
619 1 2 1 3 1 103 1
619 2 2 3 3 1 5 1 31 1 103 1
619 3 2 1 3 2 19 1 103 1 6733 1
619 4 2 4 3 1 5 1 13 1 31 1 103 1 14737 1
619 5 2 1 3 1 11 1 61 1 103 1 1031 1 212561 1
619 6 2 3 3 2 5 1 7 2 19 1 31 1 37 1 103 1 211 1 6733 1
619 7 2 1 3 1 103 1 3389 1 3732919 1 4453751 1
619 8 2 5 3 1 5 1 13 1 31 1 103 1 14737 1 26113 1 2811097 1
619 9 2 1 3 3 19 1 103 1 5113 1 6733 1 3667303462519 1
631 1 2 1 3 2 5 1 7 1
631 2 2 4 3 2 5 1 7 1 79 1
631 3 2 1 3 3 5 1 7 1 307 1 433 1
631 4 2 5 3 2 5 1 7 1 79 1 199081 1
631 5 2 1 3 2 5 2 7 1 11 1 41 1 1511 1 46601 1
631 6 2 4 3 3 5 1 7 1 79 1 307 1 331 1 433 1 1201 1
631 7 2 1 3 2 5 1 7 2 6032531 1 1497157061 1
631 8 2 6 3 2 5 1 7 1 17 1 79 1 313 1 199081 1 14896841 1
631 9 2 1 3 4 5 1 7 1 19 1 307 1 433 1 1107391795387489 1
641 1 2 7 5 1
641 2 2 8 3 1 5 1 107 1
641 3 2 7 5 1 7 1 58789 1
641 4 2 9 3 1 5 1 107 1 205441 1
641 5 2 7 5 2 11 1 4091 1 751481 1
641 6 2 8 3 2 5 1 7 1 13 1 67 1 107 1 157 1 58789 1
641 7 2 7 5 1 281 1 1289 1 191808122983 1
641 8 2 10 3 1 5 1 107 1 81569 1 205441 1 1034849 1
641 9 2 7 5 1 7 1 37 1 883 1 58789 1 2123174801053 1
643 1 2 1 3 1 107 1
643 2 2 3 3 1 7 1 23 1 107 1
643 3 2 1 3 2 97 1 107 1 1423 1
643 4 2 4 3 1 5 2 7 1 23 1 107 1 8269 1
643 5 2 1 3 1 11 1 107 1 3691 1 4216801 1
643 6 2 3 3 2 7 1 23 1 97 1 107 1 1423 1 412807 1
643 7 2 1 3 1 43 1 107 1 127 1 12961928033713 1
643 8 2 5 3 1 5 2 7 1 23 1 107 1 8269 1 85470037801 1
643 9 2 1 3 3 19 1 97 1 107 1 1423 1 1239912343561501 1
647 1 2 1 17 1 19 1
647 2 2 4 3 4 17 1 19 1
647 3 2 1 17 1 19 1 211 1 1987 1
647 4 2 5 3 4 5 1 17 1 19 1 41 1 1021 1
647 5 2 1 11 1 17 1 19 1 15954977651 1
647 6 2 4 3 5 7 1 13 1 17 1 19 1 211 1 1531 1 1987 1
647 7 2 1 17 1 19 1 73467869634582697 1
647 8 2 6 3 4 5 1 17 1 19 1 41 1 73 1 1021 1 1200229417 1
647 9 2 1 17 1 19 1 211 1 1987 1 8007553 1 9160641001 1
653 1 2 2 163 1
653 2 2 3 3 1 109 1 163 1
653 3 2 2 7 1 13 2 19 2 163 1
653 4 2 4 3 1 5 1 109 1 163 1 42641 1
653 5 2 2 11 1 31 1 163 1 534027881 1
653 6 2 3 3 2 7 1 13 2 19 2 109 1 139 1 163 1 1021 1
653 7 2 2 163 1 21757 1 706763 1 5049773 1
653 8 2 5 3 1 5 1 41 1 109 1 163 1 2689 1 42641 1 824609 1
653 9 2 2 7 1 13 2 19 2 163 1 56467 1 1373043745621 1
659 1 2 1 7 1 47 1
659 2 2 3 3 1 5 1 7 1 11 1 47 1
659 3 2 1 7 1 13 1 47 1 33457 1
659 4 2 4 3 1 5 1 7 1 11 1 17 1 47 1 53 1 241 1
659 5 2 1 7 1 31 1 47 1 6131 1 993821 1
659 6 2 3 3 2 5 1 7 1 11 1 13 1 47 1 33457 1 144541 1
659 7 2 1 7 2 47 1 71 1 109789 1 1503338537 1
659 8 2 5 3 1 5 1 7 1 11 1 17 1 41 1 47 1 53 1 241 1 2299999841 1
659 9 2 1 7 1 13 1 47 1 73 1 33457 1 1121991660597277 1
661 1 2 2 3 1 5 1 11 1
661 2 2 3 3 1 5 1 11 1 331 1
661 3 2 2 3 2 5 1 11 1 145861 1
661 4 2 4 3 1 5 1 11 1 331 1 218461 1
661 5 2 2 3 1 5 2 11 1 165811 1 230611 1
661 6 2 3 3 2 5 1 7 1 11 1 331 1 62323 1 145861 1
661 7 2 2 3 1 5 1 11 1 29 1 43 1 66988434315461 1
661 8 2 5 3 1 5 1 11 1 17 1 331 1 5897 1 218461 1 952129 1
661 9 2 2 3 3 5 1 11 1 73 1 14419 1 145861 1 26413715863 1
673 1 2 5 3 1 7 1
673 2 2 6 3 1 7 1 337 1
673 3 2 5 3 2 7 1 151201 1
673 4 2 7 3 1 5 1 7 1 337 1 45293 1
673 5 2 5 3 1 7 1 421 1 2531 1 192811 1
673 6 2 6 3 2 7 1 13 1 19 1 337 1 1831 1 151201 1
673 7 2 5 3 1 7 2 88709167 1 149854447 1
673 8 2 8 3 1 5 1 7 1 337 1 45293 1 59417 1 1726313 1
673 9 2 5 3 3 7 1 37 1 73 1 757 1 151201 1 15147768817 1
677 1 2 2 13 2
677 2 2 3 3 1 13 2 113 1
677 3 2 2 13 2 459007 1
677 4 2 4 3 1 5 1 13 2 113 1 45833 1
677 5 2 2 13 2 571 1 1901 1 193811 1
677 6 2 3 3 2 7 1 13 2 19 1 31 1 37 1 113 1 459007 1
677 7 2 2 13 2 33851273 1 2848386899 1
677 8 2 5 3 1 5 1 13 2 113 1 45833 1 105032736121 1
677 9 2 2 13 2 72091 1 459007 1 486433 1 2745541 1
683 1 2 1 11 1 31 1
683 2 2 3 3 2 11 1 19 1 31 1
683 3 2 1 7 1 11 1 31 1 66739 1
683 4 2 4 3 2 5 1 11 1 19 1 31 1 46649 1
683 5 2 1 11 1 31 1 1151 1 189340631 1
683 6 2 3 3 3 7 1 11 1 19 1 31 1 66739 1 155269 1
683 7 2 1 11 1 29 1 31 1 20231 1 173278708807 1
683 8 2 5 3 2 5 1 11 1 19 1 31 1 41 1 46649 1 2653804721 1
683 9 2 1 7 1 11 1 31 1 397 1 34759 1 66739 1 7356418759 1
691 1 2 1 3 1 5 1 23 1
691 2 2 3 3 1 5 1 23 1 173 1
691 3 2 1 3 2 5 1 19 1 23 1 8389 1
691 4 2 4 3 1 5 1 23 1 173 1 193 1 1237 1
691 5 2 1 3 1 5 2 11 1 23 1 61 1 68053211 1
691 6 2 3 3 2 5 1 7 1 19 1 23 1 173 1 8389 1 68113 1
691 7 2 1 3 1 5 1 23 1 29 1 211 1 88523 1 201261481 1
691 8 2 5 3 1 5 1 23 1 173 1 193 1 1237 1 69497 1 1640273 1
691 9 2 1 3 3 5 1 19 1 23 1 8389 1 36286662955271671 1
701 1 2 2 5 2 7 1
701 2 2 3 3 3 5 2 7 1 13 1
701 3 2 2 5 2 7 1 492103 1
701 4 2 4 3 3 5 2 7 1 13 1 17 1 97 1 149 1
701 5 2 2 5 3 7 1 101 1 478851301 1
701 6 2 3 3 4 5 2 7 1 13 1 163567 1 492103 1
701 7 2 2 5 2 7 2 16975792017452101 1
701 8 2 5 3 3 5 2 7 1 13 1 17 1 97 1 149 1 120737471401 1
701 9 2 2 5 2 7 1 19 1 397 1 59023 1 492103 1 266527927 1
709 1 2 2 3 1 59 1
709 2 2 3 3 1 5 1 59 1 71 1
709 3 2 2 3 2 7 1 59 1 23971 1
709 4 2 4 3 1 5 1 37 1 59 1 71 1 6793 1
709 5 2 2 3 1 11 1 59 1 103231 1 222841 1
709 6 2 3 3 2 5 1 7 1 59 1 71 1 223 1 2251 1 23971 1
709 7 2 2 3 1 43 1 59 1 8407757 1 351837221 1
709 8 2 5 3 1 5 1 37 1 59 1 71 1 2377 1 6793 1 53152753 1
709 9 2 2 3 3 7 1 19 1 59 1 397 1 13339 1 23971 1 420812641 1
719 1 2 1 359 1
719 2 2 5 3 2 5 1 359 1
719 3 2 1 359 1 487 1 1063 1
719 4 2 6 3 2 5 1 53 1 359 1 4877 1
719 5 2 1 11 1 359 1 401 1 60671251 1
719 6 2 5 3 3 5 1 7 1 13 1 31 1 61 1 359 1 487 1 1063 1
719 7 2 1 29 1 359 1 4159 1 1147072505531 1
719 8 2 7 3 2 5 1 53 1 359 1 4877 1 133624337761 1
719 9 2 1 19 1 37 1 359 1 487 1 1063 1 280963 1 699469669 1
727 1 2 1 3 1 11 2
727 2 2 4 3 1 7 1 11 2 13 1
727 3 2 1 3 2 11 2 176419 1
727 4 2 5 3 1 5 1 7 1 11 2 13 1 17 1 3109 1
727 5 2 1 3 1 11 2 14281 1 19587401 1
727 6 2 4 3 2 7 1 11 2 13 1 176419 1 527803 1
727 7 2 1 3 1 11 2 113 1 239 1 281 1 19481464031 1
727 8 2 6 3 1 5 1 7 1 11 2 13 1 17 1 521 1 3109 1 268083401 1
727 9 2 1 3 3 11 2 19 1 9127 1 108541 1 176419 1 2614627 1
733 1 2 2 3 1 61 1
733 2 2 3 3 1 61 1 367 1
733 3 2 2 3 2 19 1 61 1 9439 1
733 4 2 4 3 1 5 1 13 1 61 1 367 1 4133 1
733 5 2 2 3 1 61 1 5641 1 51245141 1
733 6 2 3 3 2 7 1 19 1 61 1 367 1 9439 1 76651 1
733 7 2 2 3 1 61 1 2003 1 8737 1 8875104113 1
733 8 2 5 3 1 5 1 13 1 17 2 61 1 367 1 4133 1 499445449 1
733 9 2 2 3 3 19 1 61 1 9439 1 77527 1 666882952147 1
739 1 2 1 3 2 41 1
739 2 2 3 3 2 5 1 37 1 41 1
739 3 2 1 3 3 7 1 41 1 26041 1
739 4 2 4 3 2 5 1 37 1 41 1 273061 1
739 5 2 1 3 2 41 1 1861 1 160479461 1
739 6 2 3 3 3 5 1 7 1 31 1 37 1 41 1 73 1 241 1 26041 1
739 7 2 1 3 2 41 1 3907 1 10039 1 4158348097 1
739 8 2 5 3 2 5 1 17 1 37 1 41 1 7417 1 273061 1 1182689 1
739 9 2 1 3 4 7 1 19 1 41 1 26041 1 1885159 1 1515806587 1
743 1 2 1 7 1 53 1
743 2 2 4 3 1 7 1 31 1 53 1
743 3 2 1 7 1 53 1 552793 1
743 4 2 5 3 1 5 2 7 1 31 1 53 1 61 1 181 1
743 5 2 1 7 1 53 1 101 1 3021473501 1
743 6 2 4 3 2 7 1 31 1 53 1 127 1 1447 1 552793 1
743 7 2 1 7 2 53 1 281 1 3767 1 22736196337 1
743 8 2 6 3 1 5 2 7 1 31 1 53 1 61 1 97 1 181 1 2273 1 691121 1
743 9 2 1 7 1 53 1 3673 1 552793 1 45804901681009 1
751 1 2 1 3 1 5 3
751 2 2 5 3 1 5 3 47 1
751 3 2 1 3 2 5 3 7 1 26893 1
751 4 2 6 3 1 5 3 47 1 282001 1
751 5 2 1 3 1 5 4 11 1 46061 1 125731 1
751 6 2 5 3 2 5 3 7 1 13 1 37 1 47 1 1171 1 26893 1
751 7 2 1 3 1 5 3 1930783 1 93043240879 1
751 8 2 7 3 1 5 3 47 1 313 1 282001 1 508142377 1
751 9 2 1 3 3 5 3 7 1 26893 1 222877 1 268320043063 1
757 1 2 2 3 3 7 1
757 2 2 3 3 3 7 1 379 1
757 3 2 2 3 4 7 1 13 1 14713 1
757 4 2 4 3 3 5 2 7 1 73 1 157 1 379 1
757 5 2 2 3 3 7 1 11 1 191 1 2521 1 62081 1
757 6 2 3 3 4 7 1 13 1 163 1 379 1 3511 1 14713 1
757 7 2 2 3 3 7 2 878837 1 30629717273 1
757 8 2 5 3 3 5 2 7 1 17 2 73 1 157 1 379 1 401 1 1416809 1
757 9 2 2 3 5 7 1 13 1 19 1 14713 1 25875541 1 127588339 1
761 1 2 3 5 1 19 1
761 2 2 4 3 1 5 1 19 1 127 1
761 3 2 3 5 1 19 1 579883 1
761 4 2 5 3 1 5 1 17 1 19 1 127 1 17033 1
761 5 2 3 5 2 19 1 67164484721 1
761 6 2 4 3 2 5 1 7 1 19 1 127 1 27541 1 579883 1
761 7 2 3 5 1 19 1 29 1 239 1 28059705349957 1
761 8 2 6 3 1 5 1 17 1 19 1 127 1 17033 1 167690566321 1
761 9 2 3 5 1 19 1 579883 1 1017847 1 190820680669 1
769 1 2 8 3 1
769 2 2 9 3 1 5 1 7 1 11 1
769 3 2 8 3 2 31 1 6367 1
769 4 2 10 3 1 5 1 7 1 11 1 17 1 17393 1
769 5 2 8 3 1 541 1 647251721 1
769 6 2 9 3 2 5 1 7 1 11 1 31 1 6367 1 590593 1
769 7 2 8 3 1 197 1 12342821 1 85161343 1
769 8 2 11 3 1 5 1 7 1 11 1 17 1 17393 1 174853916161 1
769 9 2 8 3 3 19 1 31 1 2593 1 6367 1 982351 1 1424341 1
773 1 2 2 193 1
773 2 2 3 3 2 43 1 193 1
773 3 2 2 193 1 598303 1
773 4 2 4 3 2 5 1 43 1 193 1 59753 1
773 5 2 2 11 1 193 1 251 1 401 1 322901 1
773 6 2 3 3 3 7 1 43 1 157 1 181 1 193 1 598303 1
773 7 2 2 193 1 449 1 1163 1 409084572289 1
773 8 2 5 3 2 5 1 17 1 43 1 113 1 193 1 7489 1 12409 1 59753 1
773 9 2 2 37 1 193 1 613 1 598303 1 9406212066847 1
787 1 2 1 3 1 131 1
787 2 2 3 3 1 131 1 197 1
787 3 2 1 3 2 37 2 131 1 151 1
787 4 2 4 3 1 5 1 131 1 197 1 241 1 257 1
787 5 2 1 3 1 131 1 570821 1 672901 1
787 6 2 3 3 2 7 1 19 1 37 2 131 1 151 1 197 1 4651 1
787 7 2 1 3 1 113 1 131 1 2105339491746149 1
787 8 2 5 3 1 5 1 131 1 197 1 241 1 257 1 409 1 433 1 1083073 1
787 9 2 1 3 3 37 2 131 1 151 1 11197 1 706267 1 10015129 1
797 1 2 2 199 1
797 2 2 3 3 1 7 1 19 1 199 1
797 3 2 2 157 1 199 1 4051 1
797 4 2 4 3 1 5 1 7 1 19 1 199 1 63521 1
797 5 2 2 11 1 41 1 199 1 895781311 1
797 6 2 3 3 2 7 1 13 1 19 1 157 1 199 1 4051 1 16267 1
797 7 2 2 199 1 21323 1 12035021629289 1
797 8 2 5 3 1 5 1 7 1 17 1 19 1 199 1 953 1 63521 1 12452641 1
797 9 2 2 157 1 181 1 199 1 4051 1 1416026413274563 1
809 1 2 3 101 1
809 2 2 4 3 4 5 1 101 1
809 3 2 3 7 1 13 1 19 1 101 1 379 1
809 4 2 5 3 4 5 1 101 1 229 1 1429 1
809 5 2 3 101 1 2341 1 183201841 1
809 6 2 4 3 5 5 1 7 1 13 1 19 1 101 1 109 1 379 1 1999 1
809 7 2 3 43 1 101 1 6527694709697197 1
809 8 2 6 3 4 5 1 97 1 101 1 113 1 229 1 769 1 1429 1 25409 1
809 9 2 3 7 1 13 1 19 1 101 1 379 1 280343912759041771 1
811 1 2 1 3 4 5 1
811 2 2 3 3 4 5 1 7 1 29 1
811 3 2 1 3 5 5 1 31 1 73 1 97 1
811 4 2 4 3 4 5 1 7 1 13 1 29 1 41 1 617 1
811 5 2 1 3 4 5 2 6781 1 12774841 1
811 6 2 3 3 5 5 1 7 1 29 1 31 1 43 1 73 1 97 1 15277 1
811 7 2 1 3 4 5 1 71 1 281 1 14278950628867 1
811 8 2 5 3 4 5 1 7 1 13 1 29 1 41 1 617 1 216298456921 1
811 9 2 1 3 6 5 1 31 1 37 1 73 1 97 1 2563315993710163 1
821 1 2 2 5 1 41 1
821 2 2 3 3 1 5 1 41 1 137 1
821 3 2 2 5 1 7 1 41 1 229 1 421 1
821 4 2 4 3 1 5 1 41 1 137 1 337021 1
821 5 2 2 5 2 41 1 211 1 241 1 1789091 1
821 6 2 3 3 2 5 1 7 1 41 1 137 1 229 1 349 1 421 1 643 1
821 7 2 2 5 1 41 1 43 1 113 1 63101741964353 1
821 8 2 5 3 1 5 1 41 1 137 1 337021 1 227165634841 1
821 9 2 2 5 1 7 1 19 2 37 1 41 1 229 1 421 1 2557 1 8966424367 1
823 1 2 1 3 1 137 1
823 2 2 4 3 1 103 1 137 1
823 3 2 1 3 2 7 1 43 1 137 1 751 1
823 4 2 5 3 1 5 1 103 1 137 1 67733 1
823 5 2 1 3 1 11 1 137 1 271 1 691 1 222991 1
823 6 2 4 3 2 7 1 13 2 43 1 103 1 137 1 751 1 4003 1
823 7 2 1 3 1 137 1 491 1 3067 1 206600686769 1
823 8 2 6 3 1 5 1 41 1 97 1 103 1 137 1 761 1 67733 1 75793 1
823 9 2 1 3 3 7 1 19 1 37 1 43 1 137 1 751 1 9181 1 16048426033 1
827 1 2 1 7 1 59 1
827 2 2 3 3 2 7 1 23 1 59 1
827 3 2 1 7 1 59 1 684757 1
827 4 2 4 3 2 5 1 7 1 13 1 23 1 59 1 5261 1
827 5 2 1 7 1 59 1 61 1 7677461821 1
827 6 2 3 3 3 7 1 23 1 59 1 109 1 2089 1 684757 1
827 7 2 1 7 2 59 1 112771 1 405754222441 1
827 8 2 5 3 2 5 1 7 1 13 1 23 1 59 1 5261 1 34033 1 6872137 1
827 9 2 1 7 1 59 1 684757 1 319913861581383373 1
829 1 2 2 3 2 23 1
829 2 2 3 3 2 5 1 23 1 83 1
829 3 2 2 3 3 23 1 211 1 1087 1
829 4 2 4 3 2 5 1 17 2 23 1 29 1 41 1 83 1
829 5 2 2 3 2 11 1 23 1 461 1 93249971 1
829 6 2 3 3 3 5 1 7 1 13 1 19 1 23 1 83 1 211 1 397 1 1087 1
829 7 2 2 3 2 23 1 71 1 31149623 1 146940067 1
829 8 2 5 3 2 5 1 17 2 23 1 29 1 41 1 83 1 236150096041 1
829 9 2 2 3 4 23 1 109 1 211 1 1087 1 992611794726793 1
839 1 2 1 419 1
839 2 2 4 3 1 5 1 7 1 419 1
839 3 2 1 419 1 704761 1
839 4 2 5 3 1 5 1 7 1 109 1 419 1 3229 1
839 5 2 1 11 1 31 1 131 1 419 1 11105551 1
839 6 2 4 3 2 5 1 7 1 419 1 234361 1 704761 1
839 7 2 1 419 1 6763 1 51635729822587 1
839 8 2 6 3 1 5 1 7 1 109 1 419 1 3229 1 93553 1 2648257 1
839 9 2 1 199 1 419 1 2143 1 704761 1 817893050833 1
853 1 2 2 3 1 71 1
853 2 2 3 3 1 7 1 61 1 71 1
853 3 2 2 3 2 43 1 71 1 5647 1
853 4 2 4 3 1 5 1 7 1 13 1 29 1 61 1 71 1 193 1
853 5 2 2 3 1 31 1 71 1 17097943091 1
853 6 2 3 3 2 7 1 43 1 61 1 71 1 223 1 3259 1 5647 1
853 7 2 2 3 1 71 1 2647 1 11824121 1 12321989 1
853 8 2 5 3 1 5 1 7 1 13 1 29 1 61 1 71 1 89 1 193 1 809 1 3676441 1
853 9 2 2 3 3 19 1 43 1 71 1 163 1 541 1 5647 1 50833 1 1507609 1
857 1 2 3 107 1
857 2 2 4 3 1 11 1 13 1 107 1
857 3 2 3 107 1 735307 1
857 4 2 5 3 1 5 2 11 1 13 1 37 1 107 1 397 1
857 5 2 3 41 2 71 1 107 1 4524851 1
857 6 2 4 3 2 7 1 11 1 13 1 107 1 181 1 193 1 735307 1
857 7 2 3 29 1 107 1 13677099011527883 1
857 8 2 6 3 1 5 2 11 1 13 1 37 1 107 1 397 1 269707666801 1
857 9 2 3 107 1 2089 1 69499 1 735307 1 2728776313 1
859 1 2 1 3 1 11 1 13 1
859 2 2 3 3 1 5 1 11 1 13 1 43 1
859 3 2 1 3 2 11 1 13 1 246247 1
859 4 2 4 3 1 5 1 11 1 13 1 43 1 137 1 2693 1
859 5 2 1 3 1 11 1 13 1 181 1 631 1 4772771 1
859 6 2 3 3 2 5 1 7 1 11 1 13 1 43 1 211 1 499 1 246247 1
859 7 2 1 3 1 11 1 13 1 1009 1 398633408201869 1
859 8 2 5 3 1 5 1 11 1 13 1 17 1 43 1 137 1 2693 1 16013775593 1
859 9 2 1 3 3 11 1 13 1 19 1 246247 1 7048295896080853 1
863 1 2 1 431 1
863 2 2 6 3 3 431 1
863 3 2 1 7 2 431 1 15217 1
863 4 2 7 3 3 5 1 13 1 17 1 337 1 431 1
863 5 2 1 11 1 61 1 431 1 827607071 1
863 6 2 6 3 4 7 2 19 1 31 1 421 1 431 1 15217 1
863 7 2 1 431 1 413588356833933793 1
863 8 2 8 3 3 5 1 13 1 17 1 137 1 337 1 431 1 13049 1 155137 1
863 9 2 1 7 2 37 1 431 1 1747 1 15217 1 6391019548063 1
877 1 2 2 3 1 73 1
877 2 2 3 3 1 73 1 439 1
877 3 2 2 3 2 7 1 37 1 73 1 991 1
877 4 2 4 3 1 5 1 73 1 439 1 76913 1
877 5 2 2 3 1 41 1 71 1 73 1 203447171 1
877 6 2 3 3 2 7 1 37 1 73 1 139 1 439 1 991 1 5527 1
877 7 2 2 3 1 29 1 73 1 379 1 491 1 84406199767 1
877 8 2 5 3 1 5 1 73 1 439 1 7057 1 76913 1 41912953 1
877 9 2 2 3 3 7 1 37 1 73 1 991 1 2269 1 66840826322089 1
881 1 2 4 5 1 11 1
881 2 2 5 3 2 5 1 7 2 11 1
881 3 2 4 5 1 11 1 19 1 40897 1
881 4 2 6 3 2 5 1 7 2 11 1 388081 1
881 5 2 4 5 2 11 1 146521 1 823241 1
881 6 2 5 3 3 5 1 7 2 11 1 13 1 19 1 103 1 193 1 40897 1
881 7 2 4 5 1 11 1 43 1 10886298318204709 1
881 8 2 7 3 2 5 1 7 2 11 1 1553 1 13681 1 14177 1 388081 1
881 9 2 4 5 1 11 1 19 1 40897 1 52903 1 285139 1 30996919 1
883 1 2 1 3 2 7 2
883 2 2 3 3 2 7 2 13 1 17 1
883 3 2 1 3 3 7 2 260191 1
883 4 2 4 3 2 5 1 7 2 13 1 17 1 77969 1
883 5 2 1 3 2 7 2 11 1 184511 1 299861 1
883 6 2 3 3 3 7 2 13 1 17 1 337 1 2311 1 260191 1
883 7 2 1 3 2 7 3 379 1 3389 1 52777342829 1
883 8 2 5 3 2 5 1 7 2 13 1 17 1 77969 1 303957468361 1
883 9 2 1 3 4 7 2 19 1 260191 1 8315519119044301 1
887 1 2 1 443 1
887 2 2 4 3 1 37 1 443 1
887 3 2 1 13 1 443 1 60589 1
887 4 2 5 3 1 5 1 29 1 37 1 443 1 2713 1
887 5 2 1 443 1 2851 1 6011 1 36161 1
887 6 2 4 3 2 7 1 13 1 37 1 443 1 37423 1 60589 1
887 7 2 1 443 1 5167 1 6271651 1 15045661 1
887 8 2 6 3 1 5 1 29 1 37 1 443 1 1289 1 2713 1 240110729 1
887 9 2 1 13 1 443 1 60589 1 487014306953858713 1
907 1 2 1 3 1 151 1
907 2 2 3 3 1 151 1 227 1
907 3 2 1 3 2 7 1 151 1 39217 1
907 4 2 4 3 1 5 2 151 1 227 1 16453 1
907 5 2 1 3 1 11 1 31 1 151 1 1986798661 1
907 6 2 3 3 2 7 1 13 1 151 1 227 1 39217 1 63211 1
907 7 2 1 3 1 43 1 151 1 783259 1 16548131461 1
907 8 2 5 3 1 5 2 151 1 227 1 16453 1 24097 1 14042233 1
907 9 2 1 3 3 7 1 151 1 15607 1 39217 1 11890579963033 1
911 1 2 1 5 1 7 1 13 1
911 2 2 5 3 1 5 1 7 1 13 1 19 1
911 3 2 1 5 1 7 1 13 1 830833 1
911 4 2 6 3 1 5 1 7 1 13 1 19 1 29 1 41 1 349 1
911 5 2 1 5 2 7 1 11 1 13 1 701 1 17884211 1
911 6 2 5 3 2 5 1 7 1 13 1 19 1 276337 1 830833 1
911 7 2 1 5 1 7 2 13 1 81750272028928231 1
911 8 2 7 3 1 5 1 7 1 13 1 19 1 29 1 41 1 349 1 929 1 1249 1 296801 1
911 9 2 1 5 1 7 1 13 1 127 2 2683 1 3727 1 830833 1 3544237 1
919 1 2 1 3 3 17 1
919 2 2 4 3 3 5 1 17 1 23 1
919 3 2 1 3 4 7 1 13 1 17 1 19 1 163 1
919 4 2 5 3 3 5 1 17 1 23 1 37 1 101 1 113 1
919 5 2 1 3 3 17 1 714060279761 1
919 6 2 4 3 4 5 1 7 1 13 1 17 1 19 1 23 1 163 1 843643 1
919 7 2 1 3 3 17 1 29 1 43 1 3851 1 21407 1 5866379 1
919 8 2 6 3 3 5 1 17 1 23 1 37 1 101 1 113 1 356641641361 1
919 9 2 1 3 5 7 1 13 1 17 1 19 1 163 1 271 1 740973239008957 1
929 1 2 5 29 1
929 2 2 6 3 1 5 1 29 1 31 1
929 3 2 5 29 1 157 1 5503 1
929 4 2 7 3 1 5 1 29 1 31 1 431521 1
929 5 2 5 11 1 29 1 281 1 761 1 316991 1
929 6 2 6 3 2 5 1 7 1 29 1 31 1 61 1 157 1 673 1 5503 1
929 7 2 5 29 1 3739 1 172110179118949 1
929 8 2 8 3 1 5 1 29 1 31 1 41 1 57697 1 157433 1 431521 1
929 9 2 5 19 1 29 1 157 1 5503 1 6337 1 5338963802737 1
937 1 2 3 3 2 13 1
937 2 2 4 3 2 7 1 13 1 67 1
937 3 2 3 3 3 13 1 292969 1
937 4 2 5 3 2 5 1 7 1 13 1 67 1 87797 1
937 5 2 3 3 2 13 1 8431 1 91525691 1
937 6 2 4 3 3 7 1 13 1 67 1 709 1 1237 1 292969 1
937 7 2 3 3 2 13 1 22751 1 29778361446737 1
937 8 2 6 3 2 5 1 7 1 13 1 17 1 67 1 97 1 87797 1 233726369 1
937 9 2 3 3 4 13 1 19 1 37 1 292969 1 320893533969607 1
941 1 2 2 5 1 47 1
941 2 2 3 3 1 5 1 47 1 157 1
941 3 2 2 5 1 47 1 811 1 1093 1
941 4 2 4 3 1 5 1 13 1 47 1 157 1 34057 1
941 5 2 2 5 2 47 1 156982145081 1
941 6 2 3 3 2 5 1 7 1 47 1 73 1 157 1 577 1 811 1 1093 1
941 7 2 2 5 1 47 1 695023534042345747 1
941 8 2 5 3 1 5 1 13 1 47 1 157 1 34057 1 132961 1 2948521 1
941 9 2 2 5 1 37 1 47 1 127 1 811 1 1093 1 2251 1 65638220887 1
947 1 2 1 11 1 43 1
947 2 2 3 3 1 11 1 43 1 79 1
947 3 2 1 7 1 11 1 43 1 277 1 463 1
947 4 2 4 3 1 5 1 11 1 43 1 79 1 89681 1
947 5 2 1 11 1 43 1 181 1 4448157781 1
947 6 2 3 3 2 7 1 11 1 43 1 79 1 277 1 463 1 298621 1
947 7 2 1 11 1 43 1 722035775587170997 1
947 8 2 5 3 1 5 1 11 1 43 1 79 1 929 1 2081 1 89681 1 208009 1
947 9 2 1 7 1 11 1 19 1 43 1 109 1 277 1 463 1 348272974918243 1
953 1 2 3 7 1 17 1
953 2 2 4 3 2 7 1 17 1 53 1
953 3 2 3 7 1 17 1 181 1 5023 1
953 4 2 5 3 2 5 1 7 1 17 1 53 1 90821 1
953 5 2 3 7 1 17 1 41 1 1601 1 2161 1 5821 1
953 6 2 4 3 3 7 1 13 1 17 1 43 1 53 1 181 1 541 1 5023 1
953 7 2 3 7 2 17 1 29 1 71 1 113 1 127 1 379 1 9566159 1
953 8 2 6 3 2 5 1 7 1 17 1 53 1 3449 1 90821 1 119577209 1
953 9 2 3 7 1 17 1 73 1 181 1 5023 1 7687 1 1334988925957 1
967 1 2 1 3 1 7 1 23 1
967 2 2 4 3 1 7 1 11 2 23 1
967 3 2 1 3 2 7 1 23 1 67 1 4657 1
967 4 2 5 3 1 5 1 7 1 11 2 13 1 23 1 7193 1
967 5 2 1 3 1 7 1 23 1 875296605041 1
967 6 2 4 3 2 7 1 11 2 23 1 31 1 67 1 4657 1 30133 1
967 7 2 1 3 1 7 2 23 1 43 1 211 1 12887219963647 1
967 8 2 6 3 1 5 1 7 1 11 2 13 1 17 1 23 1 89 1 7193 1 288959497 1
967 9 2 1 3 3 7 1 19 2 23 1 67 1 181 1 307 1 4657 1 13586682853 1
971 1 2 1 5 1 97 1
971 2 2 3 3 5 5 1 97 1
971 3 2 1 5 1 13 1 79 1 97 1 919 1
971 4 2 4 3 5 5 1 97 1 197 1 2393 1
971 5 2 1 5 2 11 2 97 1 2371 1 620351 1
971 6 2 3 3 6 5 1 7 1 13 1 79 1 97 1 919 1 44851 1
971 7 2 1 5 1 71 1 97 1 1184947 1 9972535721 1
971 8 2 5 3 5 5 1 17 1 73 1 97 1 197 1 2393 1 4817 1 74353 1
971 9 2 1 5 1 13 1 37 1 79 1 97 1 199 1 919 1 199819 1 569670589 1
977 1 2 4 61 1
977 2 2 5 3 1 61 1 163 1
977 3 2 4 7 1 61 1 136501 1
977 4 2 6 3 1 5 1 53 1 61 1 163 1 1801 1
977 5 2 4 11 2 31 1 61 1 71 1 3424661 1
977 6 2 5 3 2 7 1 19 1 61 1 163 1 16729 1 136501 1
977 7 2 4 29 1 61 1 5573 1 914047 1 5893273 1
977 8 2 7 3 1 5 1 17 2 53 1 61 1 163 1 1801 1 3881 1 406169 1
977 9 2 4 7 1 61 1 109 2 2179 1 136501 1 33593647177 1
983 1 2 1 491 1
983 2 2 4 3 1 41 1 491 1
983 3 2 1 103 1 491 1 9391 1
983 4 2 5 3 1 5 1 13 1 41 1 491 1 7433 1
983 5 2 1 11 1 491 1 84969569171 1
983 6 2 4 3 2 7 1 41 1 43 1 103 1 491 1 1069 1 9391 1
983 7 2 1 491 1 8009 1 112767731336177 1
983 8 2 6 3 1 5 1 13 1 41 1 491 1 7433 1 31649 1 14751089 1
983 9 2 1 103 1 491 1 9391 1 53941267 1 16726303171 1
991 1 2 1 3 2 5 1 11 1
991 2 2 6 3 2 5 1 11 1 31 1
991 3 2 1 3 3 5 1 7 1 11 1 13 2 277 1
991 4 2 7 3 2 5 1 11 1 31 1 491041 1
991 5 2 1 3 2 5 2 11 1 193091463181 1
991 6 2 6 3 3 5 1 7 1 11 1 13 2 31 1 277 1 981091 1
991 7 2 1 3 2 5 1 11 1 85581973 1 11078936989 1
991 8 2 8 3 2 5 1 11 1 31 1 89 1 1913 1 491041 1 2832433 1
991 9 2 1 3 4 5 1 7 1 11 1 13 2 271 1 277 1 523 1 11593 1 192155959 1
997 1 2 2 3 1 83 1
997 2 2 3 3 1 83 1 499 1
997 3 2 2 3 2 13 1 31 1 83 1 823 1
997 4 2 4 3 1 5 1 83 1 499 1 99401 1
997 5 2 2 3 1 83 1 2141 1 461955121 1
997 6 2 3 3 2 7 1 13 1 31 1 83 1 127 1 499 1 823 1 1117 1
997 7 2 2 3 1 83 1 176281309 1 5576998183 1
997 8 2 5 3 1 5 1 83 1 499 1 99401 1 494026946041 1
997 9 2 2 3 3 13 1 19 1 31 1 83 1 109 1 823 1 158077331756731 1
3 67 2 1 221101 1 441019876741 1 475384700124973 1
3 68 2 4 5 1 103 1 307 1 1021 1 1871 1 34511 1 956353 1 1743831169 1
3 69 2 1 13 1 47 1 277 1 1001523179 1 2461243576713869557 1
3 70 2 3 11 2 61 1 71 1 547 1 1093 1 2664097031 1 374857981681 1
3 71 2 1 3754733257489862401973357979128773 1
3 72 2 5 5 1 7 1 13 1 19 1 37 1 41 1 73 1 757 1 6481 1 530713 1 282429005041 1
3 73 2 1 11243 1 20149 1 15768033143 1 9460375336977361 1
3 74 2 3 18427 1 107671 1 13097927 1 56737873 1 17189128703 1
3 75 2 1 11 2 13 1 601 1 4561 1 8951 1 9601 1 391151 1 2098303812601 1
3 76 2 4 5 1 1597 1 2851 1 101917 1 363889 1 5301533 1 25480398173 1
3 77 2 1 23 1 1093 1 3851 1 51457561 1 7151459701 1 76831835389 1
3 78 2 3 7 1 13 2 79 1 157 1 313 1 2887 1 6553 1 7333 1 10141 1 398581 1 797161 1
3 79 2 1 432853009 1 392038110671 1 145171177264407947 1
3 80 2 6 5 2 11 2 17 1 41 1 61 1 193 1 1181 1 14401 1 42521761 1 128653413121 1
3 81 2 1 13 1 109 1 433 1 757 1 3889 1 8209 1 1190701 1 12557612956332313 1
3 82 2 3 83 1 33703 1 2526913 1 86950696619 1 270547105429567 1
3 83 2 1 167 1 12119 1 1036745531 1 950996059627210897943351 1 
3 84 2 4 5 1 7 2 13 1 29 1 43 1 73 1 547 1 1093 1 2269 1 2857 1 16493 1 368089 1 109688713 1
3 85 2 1 11 2 1871 1 34511 1 2663568851051 1 862970652262943171 1
3 86 2 3 431 1 380808546861411923 1 82064241848634269407 1
3 87 2 1 13 1 59 1 28537 1 74821 1 20381027 1 32234893 1 150224123975857 1
3 88 2 5 5 1 23 1 41 1 67 1 89 1 661 1 3851 1 5501 1 570461 1 2382953 1 56625998353 1
3 89 2 1 179 1 1611479891519807 1 5042939439565996049162197 1
3 90 2 3 7 1 11 2 13 1 19 1 31 1 37 1 61 1 181 1 271 1 757 1 1621 1 4561 1 387631 1 755551 1 927001 1
3 91 2 1 1093 1 797161 1 4011586307 1 3745603812007166116831643 1
3 92 2 4 5 1 47 1 12553493 1 1001523179 1 23535794707 1 70601370627701 1
3 93 2 1 13 1 683 1 1117 1 102673 1 4404047 1 26273701844015319144827917 1
3 94 2 3 1223 1 16921 1 21997 1 256057 1 5112661 1 96656723 1 1534179947851 1
3 95 2 1 11 2 191 1 1597 1 363889 1 78958087694609321439660131899631 1
3 96 2 7 5 1 7 1 13 1 17 1 41 1 73 1 97 1 193 1 577 1 769 1 6481 1 76801 1 21523361 1 24127552321 1
3 97 2 1 76631 1 2549755542947 1 48845962828028421155731228333 1
3 98 2 3 491 1 547 1 1093 1 4019 1 8233 1 51157 1 131713 1 857643277 1 127522693159 1
3 99 2 1 13 1 23 1 757 1 3851 1 3186217 1 2413941289 1 12812432238302009985937 1
5 50 2 3 3 1 11 1 71 1 101 1 251 1 401 1 521 1 1901 1 9384251 1 50150933101 1
5 51 2 2 31 1 409 1 90271 1 317731 1 466344409 1 654652168021 1
5 52 2 4 3 1 13 2 53 1 5227 1 38923 1 305175781 1 83181652304609 1
5 53 2 2 5960555749 1 17154094481 1 27145365052629449 1
5 54 2 3 3 4 7 1 19 1 31 1 109 1 163 1 271 1 487 1 829 1 4159 1 5167 1 31051 1 16018507 1
5 55 2 2 11 2 71 1 103511 1 511831 1 12207031 1 65628751 1 190295821 1
5 56 2 5 3 1 13 1 29 1 313 1 449 1 19531 1 234750601 1 59509429687890001 1
5 57 2 2 31 1 191 1 6271 1 3981071 1 11735415506748076408140121 1
5 58 2 3 3 1 59 1 35671 1 5096867 1 6090817323763 1 22125996444329 1
5 59 2 2 21180247636732981 1 2047572230657338751575051 1
5 60 2 4 3 2 7 1 11 1 13 1 31 1 41 1 61 1 71 1 181 1 521 1 601 1 1741 1 2281 1 7621 1 9161 1 69566521 1
5 61 2 2 8419 1 918585913061 1 140194179307171898833699259 1
5 62 2 3 3 1 1303 1 1861 1 21207101 1 28086211607 1 625552508473588471 1
5 63 2 2 19 1 31 1 379 1 829 1 19531 1 280729 1 519499 1 2161279 1 23792163643711 1
5 64 2 8 3 1 13 1 17 1 313 1 641 1 2593 1 11489 1 29423041 1 75068993 1 241931001601 1
61 10 2 3 3 1 5 2 11 1 31 1 131 1 21491 1 1238411 1
67 10 2 3 3 1 11 1 17 1 421 1 761 1 26881 1 47161 1
71 10 2 4 3 2 5 2 7 1 11 1 211 1 2221 1 25058741 1
73 10 2 4 3 2 11 1 37 1 131 1 19441 1 28792661 1
79 10 2 5 3 1 5 2 11 1 13 1 641 1 1091 1 39449441 1
83 10 2 3 3 1 7 1 11 1 41 1 401 1 10631 1 48037081 1
11 20 2 4 3 1 5 2 61 1 3221 1 13421 1 212601841 1
11 21 2 1 5 1 7 2 19 1 43 1 1723 1 8527 1 27763 1 45319 1
11 22 2 3 3 1 5 1 23 1 89 1 199 1 15797 1 58367 1 1806113 1
11 23 2 1 5 1 829 1 28878847 1 3740221981231 1
11 24 2 5 3 2 5 1 7 1 13 1 19 1 37 1 61 1 1117 1 7321 1 10657 1 20113 1
11 25 2 1 5 3 3001 1 3221 1 24151 1 1856458657451 1
11 26 2 3 3 1 5 1 53 1 911 1 1093 1 59583967 1 3158528101 1
11 27 2 1 5 1 7 1 19 1 1772893 1 5559917315850179173 1
11 28 2 4 3 1 5 1 29 1 43 1 61 1 1933 1 45319 1 1623931 1 55527473 1
11 29 2 1 5 1 523 1 303309617049998388989376043 1
11 30 2 3 3 2 5 2 7 1 19 1 31 1 37 1 3221 1 13421 1 7537711 1 195019441 1
11 31 2 1 5 1 50159 1 2428541 1 157571957584602258799 1
11 32 2 7 3 1 5 1 17 1 61 1 7321 1 51329 1 6304673 1 447600088289 1
11 33 2 1 5 1 7 1 19 1 661 1 1453 1 15797 1 1806113 1 637265428480297 1
11 34 2 3 3 1 5 1 71707 1 264793 1 2218331 1 50544702849929377 1
11 35 2 1 5 2 43 1 211 1 3221 1 45319 1 42437717969530394595211 1
11 36 2 4 3 3 5 1 7 1 13 1 19 1 37 1 61 1 1117 1 590077 1 1772893 1 3138426605161 1
11 37 2 1 5 1 2591 1 36855109 1 136151713 1 2615418118891695851 1
13 20 2 4 3 1 5 2 7 1 11 1 17 1 421 1 601 1 641 1 2411 1 30941 1
13 21 2 2 3 2 43 1 61 1 337 1 547 1 2714377 1 5229043 1
13 22 2 3 3 1 7 1 23 1 419 1 859 1 18041 1 128011456717 1
13 23 2 2 3 1 1381 1 2519545342349331183143 1
13 24 2 5 3 2 5 1 7 1 17 1 61 1 157 1 14281 1 28393 1 815702161 1
13 25 2 2 3 1 701 1 9851 1 30941 1 2752135920929651 1
13 26 2 3 3 1 7 1 53 1 13417 1 20333 1 79301 1 264031 1 1803647 1
13 27 2 2 3 4 61 1 650971 1 1609669 1 57583418699431 1
13 28 2 4 3 1 5 1 7 2 17 1 29 1 22079 1 5229043 1 23161037562937 1
13 29 2 2 3 1 1973 1 2843 1 3539 1 846041103974872866961 1
13 30 2 3 3 2 7 1 11 1 31 1 61 1 157 1 2411 1 4651 1 30941 1 161971 1 28325071 1
13 31 2 2 3 1 311 1 1117 1 8170509011431363408568150369 1
13 32 2 7 3 1 5 1 7 1 17 1 2657 1 14281 1 441281 1 283763713 1 407865361 1
13 33 2 2 3 2 23 1 61 1 419 1 859 1 18041 1 17551032119981679046729 1
13 34 2 3 3 1 7 1 103 1 443 1 15798461357509 1 617886851384381281 1
17 20 2 6 3 2 5 2 11 1 29 1 71 1 101 1 21881 1 63541 1 88741 1
17 21 2 4 43 1 307 1 13567 1 25646167 1 940143709 1
17 22 2 5 3 2 23 1 947 1 87415373 1 2141993519227 1
17 23 2 4 47 1 26552618219228090162977481 1
17 24 2 7 3 3 5 1 7 1 13 1 29 1 73 1 307 1 1321 1 41761 1 72337 1 83233 1
17 25 2 4 2551 1 5351 1 88741 1 26278001 1 11330289301 1
17 26 2 5 3 2 53 1 79 1 65651 1 212057 1 2001793 1 2919196853 1
17 27 2 4 19 1 307 1 433 1 24733 1 1270657 1 1313154695584063 1
17 28 2 6 3 2 5 1 29 1 5766433 1 22796593 1 25646167 1 100688449 1
17 29 2 4 59 1 7193 1 6088087 1 11658852700685942029849 1
17 30 2 5 3 3 7 1 11 1 13 1 31 1 71 1 101 1 307 1 88741 1 238212511 1 6566760001 1
17 31 2 4 4093 1 6123493 1 347340647626008901939025023 1
19 20 2 4 3 2 5 2 11 1 151 1 181 1 911 1 2251 1 16936647121 1
19 21 2 1 3 3 127 1 701 1 70841 1 30640261 1 68443621 1
19 22 2 3 3 2 5 1 23 1 104281 1 62060021 1 253239693257 1
2 100 3 1 5 3 11 1 31 1 41 1 101 1 251 1 601 1 1801 1 4051 1 8101 1 268501 1
2 101 7432339208719 1 341117531003194129 1
2 102 3 2 7 1 103 1 307 1 2143 1 2857 1 6529 1 11119 1 43691 1 131071 1
2 103 2550183799 1 3976656429941438590393 1
2 104 3 1 5 1 17 1 53 1 157 1 1613 1 2731 1 8191 1 858001 1 308761441 1
2 105 7 2 31 1 71 1 127 1 151 1 337 1 29191 1 106681 1 122921 1 152041 1
2 106 3 1 107 1 6361 1 69431 1 20394401 1 28059810762433 1
2 107 162259276829213363391578010288127 1
2 108 3 4 5 1 7 1 13 1 19 1 37 1 73 1 109 1 87211 1 246241 1 262657 1 279073 1
